1 -0.436475
1 -0.501769
1 -0.374697
1 -0.511814
1 -0.397299
1 -0.595692
1 -0.447525
1 -0.367163
1 -0.486701
1 -0.576606
1 -0.500262
1 -0.489212
1 -0.413873
1 -0.238082
1 -0.324471
1 -0.39981
1 -0.102472
1 -0.16877
1 -0.212467
1 -0.23758
1 -0.157218
1 -0.25767
1 -0.249132
1 -0.614777
1 -0.633361
1 -0.390769
1 -0.617289
1 -0.496244
1 -0.666008
1 -0.354607
1 -0.717239
1 -0.433461
1 -0.42643
1 -0.4199
1 -0.348579
1 -0.353602
1 -0.526882
1 -0.732809
1 -0.713723
1 -0.724772
1 -0.726279
1 -0.700162
1 -0.54647
1 -0.778012
1 -0.429946
1 -0.612266
1 -0.490217
1 -0.486199
1 -0.500262
1 -0.500262
1 -0.663497
1 -0.712216
1 -0.629343
1 -0.748881
1 -0.748881
1 -0.748881
1 -0.763949
1 -0.765456
1 -0.782532
1 -0.785044
1 -0.799107
1 -0.782532
1 -0.790569
1 -0.815682
1 -0.830749
1 -0.832758
1 -0.773994
1 -0.751392
1 -0.865908
1 -0.882985
1 -0.882985
1 -0.891021
1 -0.899559
1 -0.908098
1 -0.693632
1 -0.949785
1 -0.775501
1 -0.974898
1 -0.972387
1 -0.96636
1 -0.963848
1 -0.958324
1 -0.952296
1 -0.839288
1 -0.770478
1 -0.748881
1 -0.63989
1 -0.724772
1 -0.750388
1 -0.721257
1 -0.816686
1 -0.658474
1 -0.642402
1 -0.63085
1 -0.54195
1 -0.554004
1 -0.551995
1 -0.44652
1 -0.612266
1 -0.642402
1 -0.349584
1 -0.352095
1 -0.559529
1 -0.440995
1 -0.373692
1 -0.348579
1 -0.241598
1 -0.0643001
1 -0.381226
1 -0.462593
1 -0.461588
1 -0.190367
1 -0.383738
1 -0.209956
1 -0.00704237
1 0.00702092
1 0.245595
1 0.32445
1 0.239567
1 -0.062291
1 -0.129594
1 0.192857
1 -0.329494
1 -0.57309
1 -0.413371
1 -0.302874
1 -0.0808747
1 0.057247
1 -0.126078
1 -0.132607
1 0.106468
1 -0.143657
1 -0.698655
1 -0.613271
1 -0.609253
1 -0.456565
1 0.278242
1 0.000491536
1 -0.433461
1 -0.510307
1 -0.151191
1 -0.246621
1 -0.165254
1 -0.198906
1 -0.155209
1 -0.240091
1 -0.73984
1 -0.228037
1 -0.68208
1 -0.522864
1 -0.3531
1 -0.529393
1 -0.577108
1 -0.34205
1 -0.486701
1 -0.464099
1 -0.542954
1 -0.757419
1 -0.571583
1 -0.724772
1 -0.655963
1 -0.762442
1 -0.767967
1 -0.893532
1 -0.754908
1 -0.780021
1 -0.65747
1 -0.638384
1 -0.608248
1 -0.452547
1 -0.533914
1 -0.633361
1 -0.570579
1 -0.761438
1 -0.853351
1 -0.944763
1 -0.933713
1 -0.882985
1 -0.851844
1 -0.898052
1 -0.963346
1 -1.00001
1 -0.903075
1 -0.906089
1 -0.967364
1 -0.897048
1 -0.991473
1 -0.933713
1 -0.973391
1 -0.953301
1 -0.873442
1 -0.933713
1 -0.818193
1 -0.903075
1 -0.947274
1 -0.817691
1 -0.906089
1 -0.840795
1 -0.991473
1 -0.7976
1 -0.865908
1 -0.748881
1 -0.707193
1 -0.665004
1 -0.623316
1 -0.694637
1 -0.673542
1 -0.200413
1 -0.327987
1 -0.324471
1 -0.204933
1 -0.062291
1 -0.0271328
1 -0.108499
1 0.221988
1 0.316916
1 0.484168
1 -0.0848927
1 0.121536
1 0.213952
1 0.99999
1 0.436454
1 0.280753
1 0.171762
1 0.437458
1 0.308377
1 0.258151
1 -0.121055
1 -0.0396893
1 0.387232
1 -0.012065
1 0.213952
1 0.171762
1 -0.0482277
1 0.196875
1 -0.062291
1 -0.0708294
1 0.0381611
1 -0.0457164
1 -0.0793679
1 -0.413873
1 -0.17982
1 -0.17982
1 -0.204933
1 -0.102472
1 -0.263195
1 -0.280272
1 -0.280272
1 -0.21548
1 -0.355611
1 -0.497751
1 -0.508801
1 -0.173793
1 -0.374697
1 -0.556515
1 -0.428439
1 -0.123567
1 -0.182331
1 -0.384742
1 -0.447525
1 -0.57309
1 -0.771483
1 -0.438986
1 -0.705184
1 -0.547977
1 -0.686098
1 -0.690117
1 -0.656967
1 -0.545466
1 -0.68208
1 -0.690117
1 -0.631854
1 -0.71523
1 -0.805636
1 -0.736324
1 -0.748881
1 -0.765456
1 -0.676053
1 -0.776505
1 -0.762944
1 -0.807645
1 -0.789062
1 -0.730297
1 -0.832758
1 -0.849333
1 -0.933211
1 -0.874446
1 -0.912116
1 -0.891021
1 -0.933211
1 -0.908098
1 -0.916134
1 -0.949785
1 -0.924672
1 -0.949785
1 -0.916134
1 -0.916134
1 -0.933211
1 -0.857872
1 -0.882985
1 -0.945767
1 -0.933211
1 -0.924672
1 -0.868419
1 -0.826731
1 -0.780021
1 -0.696144
1 -0.832758
1 -0.732306
1 -0.604732
1 -0.663497
1 -0.771483
1 -0.68861
1 -0.601719
1 -0.600714
1 -0.285295
1 -0.227535
1 -0.506289
1 -0.305385
1 -0.249132
1 -0.0668114
1 -0.0597797
1 -0.0291418
1 -0.0567662
1 0.127563
1 -0.112517
1 -0.268218
1 0.0647809
1 0.128568
1 -0.169775
1 0.0713103
1 0.148658
1 0.316916
1 0.314404
1 0.184319
1 0.456544
1 0.155188
1 0.0813555
1 0.199387
1 -0.0919244
1 -0.0542548
1 0.290798
1 0.184319
1 0.138613
1 0.180301
1 0.188839
1 -0.207444
1 0.0838668
1 -0.0457164
1 0.0487085
1 0.00450962
1 0.0321339
1 0.0336407
1 0.00450962
1 -0.0206034
1 -0.13763
1 -0.062291
1 -0.249132
1 0.121536
1 0.134093
1 -0.13763
1 0.0672922
1 -0.193883
1 -0.212969
1 -0.221508
1 -0.238082
1 -0.4199
1 -0.271734
1 -0.3531
1 -0.294335
1 -0.313421
1 -0.380724
1 -0.391272
1 -0.481176
1 -0.380724
1 -0.353602
1 -0.383235
1 -0.462593
1 -0.405837
1 -0.63989
1 -0.443507
1 -0.483688
1 -0.438986
1 -0.447525
1 -0.514325
1 -0.464099
1 -0.472638
1 -0.366159
1 -0.481176
1 -0.489212
1 -0.616787
1 -0.497751
1 -0.506289
1 -0.506289
1 -0.522864
1 -0.531402
1 -0.531402
1 -0.539438
1 -0.53542
1 -0.556515
1 -0.56204
1 -0.57309
1 -0.581628
1 -0.754908
1 -0.799107
1 -0.606741
1 -0.631854
1 -0.617289
1 -0.623316
1 -0.631854
1 -0.68208
1 -0.762442
1 -0.533914
1 -0.652447
1 -0.656967
1 -0.665004
1 -0.907093
1 -0.761438
1 -0.435973
1 -0.569574
1 -0.820704
1 -0.666008
1 -0.894537
1 -0.84431
1 -0.740343
1 -0.856867
1 -0.892025
1 -0.785044
1 -0.887003
1 -0.836777
1 -0.790569
1 -0.849333
1 -0.815682
1 -0.800614
1 -0.868419
1 -0.734818
1 -0.82422
1 -0.943758
1 -0.774999
1 -0.987455
1 -0.845817
1 -0.908098
1 -0.929695
1 -0.957319
1 -0.879469
1 -0.964853
1 -0.96636
1 -0.96636
1 -0.938735
1 -0.907093
1 -0.963848
1 -0.949785
1 -0.952296
1 -0.942251
1 -0.951292
1 -0.974898
1 -0.983437
1 -0.96636
1 -0.896043
1 -0.990971
1 -1.00001
1 -1.00001
1 -1.00001
1 -0.974898
1 -0.979921
1 -0.987455
1 -0.895541
1 -0.917138
1 -0.98645
1 -0.894537
1 -0.818193
1 -0.929695
1 -0.931202
1 -0.911111
1 -0.982432
1 -1.00001
1 -1.00001
1 -0.961337
1 -0.977409
1 -0.928188
1 -0.942251
1 -0.922161
1 -0.883487
1 -1.00001
1 -0.958324
1 -0.801618
1 -0.82422
1 -0.836777
1 -0.903577
1 -0.897048
1 -0.912116
1 -0.664501
1 -0.773994
1 -0.757419
1 -0.748881
1 -0.740343
1 -0.732306
1 -0.738836
1 -0.707193
1 -0.676053
1 -0.71975
1 -0.727284
1 -0.667013
1 -0.596696
1 -0.59971
1 -0.606741
1 -0.658474
1 -0.648429
1 -0.631854
1 -0.614777
1 -0.598203
1 -0.581628
1 -0.56656
1 -0.67756
1 -0.711211
1 -0.581628
1 -0.581628
1 -0.574597
1 -0.752899
1 -0.790569
1 -0.629343
1 -0.698655
1 -0.595692
1 -0.714727
1 -0.620805
1 -0.545466
1 -0.57309
1 -0.598203
1 -0.620805
1 -0.595692
1 -0.598203
1 -0.576606
1 -0.720252
1 -0.7087
1 -0.750388
1 -0.639388
1 -0.556515
1 -0.478665
1 -0.489212
1 -0.497751
1 -0.489212
1 -0.63085
1 -0.569574
1 -0.686098
1 -0.673542
1 -0.660985
1 -0.685094
1 -0.642402
1 -0.628338
1 -0.753904
1 -0.656967
1 -0.679569
1 -0.673542
1 -0.752397
1 -0.726279
1 -0.767967
1 -0.779017
1 -0.785546
1 -0.748881
1 -0.780021
1 -0.799107
1 -0.773994
1 -0.790569
1 -0.799107
1 -0.899559
1 -0.898052
1 -0.91965
1 -0.800614
1 -0.916134
1 -0.899559
1 -0.893532
1 -0.899559
1 -0.952296
1 -0.933211
1 -0.978414
1 -1.00001
1 -1.00001
1 -0.962342
1 -1.00001
1 -0.897048
1 -0.887003
1 -0.887003
1 -0.943758
1 -0.933211
1 -0.90207
1 -0.960835
1 -0.912116
1 -0.897048
1 -0.93974
1 -0.923165
1 -0.992477
1 -0.978916
1 -0.983437
1 -0.935722
1 -0.9975
1 -0.998504
1 -0.996495
1 -1.00001
1 -1.00001
1 -1.00001
1 -1.00001
1 -1.00001
1 -1.00001
1 -1.00001
1 -1.00001
1 -1.00001
1 -1.00001
1 -1.00001
1 -1.00001
1 -1.00001
1 -1.00001
1 -1.00001
1 -1.00001
1 -1.00001
1 -1.00001
1 -1.00001
1 -1.00001
1 -1.00001
1 -0.944763
1 -1.00001
1 -0.979921
1 -0.948781
1 -0.993482
1 -0.990971
1 -0.905586
1 -0.983939
1 -0.993984
1 -1.00001
1 -0.991473
1 -0.988961
1 -0.995993
1 -0.869423
1 -0.956315
1 -0.967364
1 -0.933713
1 -0.915631
1 -1.00001
1 -0.913622
1 -0.983939
1 -0.860885
1 -0.953803
1 -0.906089
1 -0.846822
1 -0.929695
1 -0.871935
1 -0.767465
1 -0.860383
1 -0.880473
1 -0.814175
1 -0.899559
1 -0.952296
1 -0.800614
1 -0.951292
1 -0.875451
1 -0.845315
1 -0.980925
1 -0.932206
1 -0.838283
1 -0.878464
1 -0.831754
1 -0.839288
1 -0.730297
1 -0.780523
1 -0.73532
1 -0.918143
1 -0.531904
1 -0.702673
1 -0.604732
1 -0.736324
1 -0.71975
1 -0.68861
1 -0.456063
1 -0.780021
1 -0.423919
1 -0.383235
1 -0.507796
1 -0.629343
1 -0.634868
1 -0.675049
1 -0.805636
1 -0.59971
1 -0.527886
1 -0.681076
1 -0.749886
1 -0.695139
1 -0.51533
1 -0.194888
1 -0.779017
1 -0.822713
1 -0.665004
1 -0.581628
1 -0.623316
1 -0.692628
1 -0.785546
1 -0.757922
1 -0.762442
1 -0.708198
1 -0.812166
1 -0.787053
1 -0.711211
1 -0.555511
1 -0.694637
1 -0.764953
1 -0.735822
1 -0.78203
1 -0.734818
1 -0.908098
1 -0.784039
1 -0.725275
1 -0.826229
1 -0.968369
1 -0.830749
1 -0.836274
1 -0.707193
1 -0.736324
1 -0.781528
1 -0.875451
1 -0.769474
1 -0.790066
1 -0.744361
1 -0.839288
1 -0.777008
1 -0.962342
1 -0.837781
1 -0.754406
1 -0.910107
1 -0.82874
1 -0.783537
1 -0.956817
1 -0.925174
1 -0.933713
1 -0.92417
1 -0.819197
1 -0.964853
1 -0.952296
1 -0.923668
1 -0.985948
1 -0.984943
1 -0.978414
1 -0.95983
1 -0.963346
1 -0.842301
1 -0.963346
1 -0.998002
1 -1.00001
1 -0.992477
1 -0.864903
1 -0.891021
1 -0.987957
1 -0.953301
1 -0.933713
1 -0.982934
1 -1.00001
1 -0.996998
1 -1.00001
1 -1.00001
1 -1.00001
1 -1.00001
1 -0.994989
1 -1.00001
1 -1.00001
1 -1.00001
1 -0.995993
1 -1.00001
1 -1.00001
1 -1.00001
1 -1.00001
1 -0.829243
1 -0.819197
1 -0.909604
1 -1.00001
1 -0.837781
1 -0.976907
1 -1.00001
1 -1.00001
1 -0.988459
1 -0.827736
1 -0.789062
1 -1.00001
1 -0.99298
1 -0.957821
1 -0.869926
1 -0.812166
1 -0.968871
1 -0.870428
1 -0.871433
1 -0.741347
1 -0.785044
1 -0.868419
1 -0.869423
1 -0.901568
1 -0.815682
1 -0.852347
1 -0.848329
1 -0.692126
1 -0.799107
1 -0.729293
1 -0.690117
1 -0.560533
1 -0.668519
1 -0.841297
1 -0.576103
1 -0.669524
1 -0.429443
1 -0.710207
1 -0.603225
1 -0.516334
1 -0.614777
1 -0.528891
1 -0.525877
1 -0.64642
1 -0.55099
1 -0.585144
1 -0.530398
1 -0.596194
1 -0.614275
1 -0.558022
1 -0.461086
1 -0.455059
1 -0.488208
1 -0.253652
1 -0.179318
1 -0.545968
1 -0.360634
1 -0.578615
1 -0.542452
1 -0.522864
1 -0.607746
1 -0.640393
1 -0.586651
1 -0.394285
1 -0.204431
1 -0.435973
1 -0.381226
1 -0.239087
1 -0.350588
1 -0.558022
1 -0.521357
1 -0.433964
1 -0.527384
1 -0.563045
1 -0.396796
1 -0.291824
1 -0.109503
1 -0.445013
1 -0.455561
1 -0.632357
1 -0.575099
1 -0.480674
1 -0.293833
1 -0.319951
1 -0.312919
1 -0.603225
1 -0.580121
1 -0.217489
1 -0.543456
1 -0.681578
1 -0.720754
1 -0.621307
1 -0.539941
1 -0.682583
1 -0.612768
1 -0.635872
1 -0.757419
1 -0.741347
1 -0.534918
1 -0.538434
1 -0.774999
1 -0.653954
1 -0.776505
1 -0.882985
1 -0.925677
1 -0.931202
1 -0.823216
1 -0.880473
1 -0.769976
1 -0.906089
1 -0.874948
1 -0.901568
1 -0.976907
1 -0.892025
1 -0.991473
1 -0.941749
1 -0.952296
1 -0.903075
1 -0.937229
1 -0.95079
1 -0.916636
1 -0.958826
1 -0.848831
1 -0.967364
1 -0.987957
1 -0.925677
1 -0.934215
1 -0.927686
1 -0.966862
1 -0.903577
1 -0.792578
1 -0.744361
1 -0.711211
1 -0.937731
1 -0.795591
1 -0.835772
1 -0.485697
1 -0.63537
1 -0.722763
1 -0.49976
1 -0.505285
1 -0.156214
1 -0.203426
1 -0.162743
1 -0.350588
1 -0.258675
1 -0.098956
1 -0.177811
1 0.195369
1 -0.0673136
1 0.0441882
1 -0.0226124
1 -0.0979515
1 -0.203928
1 0.149663
1 0.0120435
1 0.72676
1 0.574073
1 0.469603
1 0.126559
1 0.156695
1 -0.0653046
1 0.322943
1 0.362119
1 0.122541
1 -0.194386
1 0.0356498
1 -0.103979
1 0.0853735
1 0.212948
1 -0.290317
1 0.177789
1 0.0602605
1 0.152174
1 -0.208449
1 -0.0939334
1 -0.340543
1 -0.383738
1 -0.239087
1 -0.351091
1 -0.332507
1 -0.116535
1 -0.14215
1 -0.349584
1 -0.483185
1 -0.549986
1 -0.54195
1 -0.290317
1 0.0989346
1 0.110487
1 -0.239087
1 -0.423919
1 -0.466611
1 -0.319951
1 -0.266209
1 -0.432959
1 -0.448529
1 -0.420403
1 -0.593683
1 -0.492728
1 -0.515832
1 -0.380724
1 -0.539438
1 -0.545968
1 -0.550488
1 -0.798605
1 -0.749383
1 -0.75089
1 -0.663999
1 -0.435471
1 -0.533914
1 -0.741849
1 -0.671533
1 -0.694135
1 -0.76194
1 -0.834768
1 -0.674546
1 -0.829243
1 -0.815179
1 -0.818193
1 -0.774496
1 -0.792075
1 -0.828238
1 -0.894537
1 -0.777008
1 -0.84632
1 -0.681076
1 -0.660985
1 -0.852849
1 -0.888509
1 -0.970378
1 -0.930197
1 -0.920654
1 -0.823718
1 -0.911613
1 -0.920152
1 -0.901568
1 -0.965355
1 -0.95531
1 -0.840795
1 -0.893532
1 -0.921156
1 -0.876957
1 -0.887003
1 -0.826229
1 -0.903577
1 -0.968871
1 -0.823216
1 -0.800614
1 -0.941749
1 -0.8197
1 -0.910107
1 -0.819197
1 -0.785044
1 -0.634366
1 -0.637881
1 -0.522864
1 -0.59971
1 -0.73984
1 -0.743858
1 -0.729293
1 -0.752397
1 -0.659479
1 -0.670026
1 -0.500262
1 -0.675551
1 -0.573592
1 -0.465104
1 -0.4199
1 -0.498253
1 -0.455561
1 -0.610759
1 -0.541447
1 -0.102974
1 -0.5309
1 -0.494737
1 -0.452045
1 -0.475651
1 -0.623818
1 -0.281779
1 -0.625325
1 -0.36867
1 -0.285797
1 -0.562542
1 0.176785
1 0.347051
1 0.509784
1 0.162722
1 -0.0828837
1 0.331983
1 -0.0637978
1 -0.0899153
1 -0.102974
1 -0.143657
1 0.0793464
1 0.165233
1 0.109482
1 -0.15973
1 0.107975
1 -0.0406938
1 0.334997
1 0.498232
1 0.257147
1 -0.0823814
1 -0.0221102
1 -0.230548
1 -0.225526
1 -0.255661
1 -0.354104
1 -0.105988
1 -0.318444
1 -0.0547571
1 -0.0743453
1 -0.255661
1 -0.147173
1 -0.212467
1 -0.579117
1 -0.412367
1 -0.332005
1 -0.626832
1 -0.412367
1 -0.177811
1 -0.322462
1 -0.477158
1 -0.417891
1 -0.279268
1 0.00501188
1 -0.383235
1 -0.461086
1 -0.402824
1 -0.397299
1 -0.655461
1 -0.452547
1 -0.352598
1 -0.403828
1 -0.513823
1 -0.319448
1 -0.347575
1 -0.366159
1 -0.416385
1 -0.375702
1 -0.476154
1 -0.552999
1 -0.598203
1 -0.621809
1 -0.642402
1 -0.35762
1 -0.482181
1 -0.567565
1 -0.60875
1 -0.590669
1 -0.640393
1 -0.545968
1 -0.669022
1 -0.618293
1 -0.56204
1 -0.518846
1 -0.680071
1 -0.595692
1 -0.725275
1 -0.776505
1 -0.852849
1 -0.809152
1 -0.802121
1 -0.747374
1 -0.77098
1 -0.798605
1 -0.821709
1 -0.848831
1 -0.786048
1 -0.878966
1 -0.731302
1 -0.793582
1 -0.882482
1 -0.891523
1 -0.834265
1 -0.957821
1 -0.91312
1 -0.949785
1 -0.996495
1 -0.970378
1 -1.00001
1 -0.908098
1 -0.960333
1 -0.97088
1 -0.994989
1 -0.953301
1 -0.996495
1 -0.937731
1 -1.00001
1 -0.95079
1 -0.955812
1 -0.943256
1 -0.957821
1 -0.957319
1 -0.926179
1 -0.931202
1 -0.869423
1 -0.92869
1 -0.949785
1 -0.894034
1 -0.727786
1 -0.846822
1 -0.788057
1 -0.839288
1 -0.595189
1 -0.612768
1 -0.700664
1 -0.644913
1 -0.627334
1 -0.667013
1 -0.451543
1 -0.634366
1 -0.605235
1 -0.575601
1 -0.459077
1 -0.47314
1 -0.235571
1 -0.130096
1 -0.504782
1 -0.36214
1 -0.201417
1 -0.16425
1 -0.138635
1 -0.181829
1 -0.132105
1 -0.170277
1 -0.0924266
1 0.0195774
1 0.00902996
1 0.093912
1 -0.0728385
1 -0.227032
1 -0.213471
1 -0.156716
1 -0.0557616
1 -0.318444
1 0.0220887
1 0.036152
1 0.114505
1 -0.0432051
1 -0.120051
1 -0.140644
1 -0.0658068
1 -0.087404
1 -0.404833
1 -0.259177
1 -0.0356712
1 -0.060282
1 -0.458574
1 -0.158725
1 -0.255661
1 -0.212969
1 -0.237078
1 -0.358625
1 -0.487706
1 -0.232557
1 -0.397801
1 -0.385244
1 -0.584642
1 -0.487203
1 -0.385244
1 -0.197901
1 -0.299358
1 -0.403828
1 -0.365154
1 -0.599207
1 -0.517841
1 -0.610257
1 -0.538936
1 -0.459077
1 -0.367163
1 -0.612768
1 -0.487203
1 -0.610257
1 -0.68861
1 -0.541447
1 -0.790569
1 -0.6198
1 -0.640393
1 -0.607746
1 -0.449032
1 -0.550488
1 -0.367665
1 -0.657972
1 -0.612768
1 -0.448027
1 -0.478665
1 -0.477158
1 -0.727786
1 -0.676555
1 -0.451041
1 -0.727284
1 -0.53542
1 -0.625325
1 -0.623316
1 -0.719248
1 -0.670528
1 -0.679569
1 -0.744863
1 -0.639388
1 -0.794084
1 -0.836777
1 -0.765456
1 -0.877962
1 -0.698655
1 -0.633863
1 -0.765958
1 -0.831754
1 -0.876455
1 -0.842301
1 -0.911613
1 -0.878464
1 -0.930197
1 -0.865405
1 -0.913622
1 -0.985446
1 -1.00001
1 -0.99298
1 -0.912618
1 -0.951292
1 -0.972387
1 -0.985948
1 -0.952296
1 -0.954306
1 -0.906089
1 -0.871935
1 -0.909102
1 -0.759428
1 -0.869926
1 -0.867917
1 -0.779017
1 -0.69313
1 -0.776505
1 -0.73984
1 -0.757419
1 -0.712216
1 -0.604732
1 -0.483688
1 -0.50428
1 -0.433461
1 -0.489715
1 -0.498253
1 -0.558022
1 -0.656465
1 -0.129092
1 -0.0924266
1 -0.503778
1 -0.333512
1 -0.324471
1 -0.502773
1 -0.346068
1 -0.125576
1 -0.352095
1 -0.037178
1 0.319427
1 0.340522
1 0.474625
1 0.136604
1 0.109482
1 0.288287
1 0.139115
1 0.227011
1 0.235549
1 0.0883871
1 -0.260684
1 0.0497131
1 0.198884
1 0.360612
1 0.218473
1 -0.232055
1 -0.137128
1 -0.0773588
1 -0.327485
1 -0.254154
1 -0.11754
1 -0.242603
1 -0.333512
1 0.0060164
1 -0.259177
1 -0.144159
1 -0.0984538
1 -0.0793679
1 -0.116033
1 -0.221508
1 -0.0401916
1 -0.140141
1 -0.0617888
1 -0.297349
1 -0.273743
1 -0.103979
1 -0.176304
1 -0.361638
1 -0.598203
1 -0.62432
1 -0.438986
1 -0.428439
1 -0.604732
1 -0.605235
1 -0.53542
1 -0.588158
1 -0.490719
1 -0.46209
1 -0.610759
1 -0.731302
1 -0.625325
1 -0.679569
1 -0.431452
1 -0.486199
1 -0.764953
1 -0.711714
1 -0.757922
1 -0.754908
1 -0.87746
1 -0.8197
1 -0.716736
1 -0.755913
1 -0.903577
1 -0.799609
1 -0.895039
1 -0.87746
1 -0.979921
1 -0.89303
1 -0.851342
1 -0.917138
1 -0.879971
1 -0.873944
1 -0.743356
1 -0.980423
1 -0.957319
1 -0.98645
1 -0.871935
1 -0.925677
1 -0.916636
1 -0.879971
1 -0.916636
1 -0.931704
1 -0.796093
1 -0.927183
1 -0.900061
1 -0.867917
1 -0.818695
1 -0.881478
1 -0.949785
1 -0.947274
1 -0.858876
1 -0.943758
1 -0.881478
1 -0.982432
1 -0.972387
1 -0.944763
1 -0.934215
1 -0.999007
1 -0.950287
1 -0.946269
1 -0.999007
1 -1.00001
1 -0.955812
1 -0.990468
1 -0.965857
1 -0.995491
1 -0.991975
1 -0.995491
1 -1.00001
1 -0.947776
1 -0.979921
1 -0.95983
1 -0.936726
1 -0.910107
1 -0.949283
1 -0.89755
1 -0.890016
1 -0.938735
1 -0.798605
1 -0.771985
1 -0.838786
1 -0.837279
1 -0.803627
1 -0.714225
1 -0.816686
1 -0.596696
1 -0.447022
1 -0.63989
1 -0.743356
1 -0.751895
1 -0.695641
1 -0.555008
1 -0.569072
1 -0.567565
1 -0.635872
1 -0.493733
1 -0.356113
1 -0.511312
1 -0.555008
1 -0.461086
1 -0.540443
1 -0.60423
1 -0.623316
1 -0.417891
1 -0.439991
1 -0.198404
1 -0.463095
1 -0.621307
1 -0.6198
1 -0.660985
1 -0.517339
1 -0.504782
1 -0.293833
1 -0.649936
1 -0.492728
1 -0.607244
1 -0.6419
1 -0.312919
1 -0.736324
1 -0.361136
1 -0.324973
1 -0.61528
1 -0.559027
1 -0.298856
1 -0.292829
1 -0.364652
1 -0.233562
1 -0.272738
1 -0.267716
1 -0.362643
1 -0.443004
1 -0.571583
1 -0.555511
1 -0.532407
1 -0.482181
1 -0.600212
1 -0.694135
1 -0.605235
1 -0.641397
1 -0.398805
1 -0.583637
1 -0.539438
1 -0.389263
1 -0.299358
1 -0.443004
1 -0.580624
1 -0.668519
1 -0.676053
1 -0.740845
1 -0.817691
1 -0.749886
1 -0.783035
1 -0.520353
1 -0.633863
1 -0.742854
1 -0.772487
1 -0.746872
1 -0.858876
1 -0.820704
1 -0.927686
1 -0.996998
1 -0.891021
1 -0.914627
1 -0.889514
1 -0.964351
1 -0.941749
1 -0.832256
1 -0.868921
1 -0.804632
1 -0.820704
1 -0.937731
1 -0.944763
1 -0.942251
1 -0.826731
1 -0.893532
1 -0.940744
1 -0.934215
1 -0.957319
1 -0.941247
1 -0.940744
1 -0.974898
1 -0.976907
1 -0.926681
1 -0.982934
1 -0.910107
1 -0.94426
1 -0.993482
1 -0.92869
1 -0.94426
1 -0.963346
1 -0.979921
1 -0.945767
1 -0.920654
1 -0.827736
1 -0.945265
1 -0.982934
1 -0.998504
1 -0.943758
1 -0.955812
1 -0.994486
1 -0.957319
1 -0.98645
1 -0.960333
1 -0.988961
1 -0.903075
1 -0.92869
1 -0.856365
1 -0.906591
1 -0.920152
1 -0.934215
1 -0.887003
1 -0.814677
1 -0.913622
1 -0.828238
1 -0.655963
1 -0.596194
1 -0.507796
1 -0.723266
1 -0.549484
1 -0.568067
1 -0.649433
1 -0.727284
1 -0.421407
1 -0.366661
1 -0.581628
1 -0.417389
1 -0.333512
1 -0.360634
1 -0.359127
1 -0.151191
1 -0.474145
1 -0.409855
1 -0.45305
1 -0.34205
1 -0.372186
1 -0.389263
1 -0.450036
1 -0.262693
1 -0.290317
1 -0.247625
1 -0.258675
1 0.0818577
1 -0.347575
1 -0.330498
1 -0.371181
1 -0.214476
1 -0.303878
1 -0.291824
1 -0.562542
1 -0.316937
1 -0.152698
1 -0.172286
1 -0.112517
1 -0.411864
1 -0.447525
1 -0.36867
1 -0.52638
1 -0.497249
1 -0.470629
1 -0.43748
1 -0.489715
1 -0.356113
1 -0.434968
1 -0.401819
1 -0.59971
1 -0.422914
1 -0.517339
1 -0.431452
1 -0.605235
1 -0.407846
1 -0.756917
1 -0.519348
1 -0.565556
1 -0.633361
1 -0.768469
1 -0.589664
1 -0.622311
1 -0.771985
1 -0.486701
1 -0.759428
1 -0.68208
1 -0.643406
1 -0.660483
1 -0.753904
1 -0.75541
1 -0.740343
1 -0.832758
1 -0.905084
1 -0.768469
1 -0.817188
1 -0.596194
1 -0.879971
1 -0.929695
1 -0.721257
1 -0.746872
1 -0.695139
1 -0.679067
1 -0.878464
1 -0.784039
1 -0.813673
1 -0.924672
1 -0.737329
1 -0.708198
1 -0.713221
1 -0.740845
1 -0.894034
1 -0.837279
1 -0.923165
1 -0.847826
1 -0.881478
1 -0.93522
1 -0.82874
1 -0.887003
1 -0.9754
1 -0.929695
1 -0.891021
1 -0.934717
1 -0.911613
1 -0.921156
1 -0.885496
1 -0.927686
1 -0.865405
1 -0.872939
1 -0.899057
1 -0.930197
1 -0.964351
1 -0.930197
1 -0.891523
1 -0.962342
1 -0.9975
1 -0.998002
1 -0.979921
1 -0.962844
1 -1.00001
1 -0.914627
1 -0.951292
1 -0.993984
1 -0.991473
1 -0.995491
1 -0.968369
1 -0.967867
1 -1.00001
1 -0.953301
1 -1.00001
1 -0.896043
1 -1.00001
1 -0.976405
1 -0.987957
1 -0.992477
1 -0.980925
1 -0.936726
1 -0.863396
1 -0.913622
1 -0.990971
1 -0.930197
1 -0.857369
1 -0.887003
1 -0.781528
1 -0.877962
1 -0.863396
1 -0.766962
1 -0.758926
1 -0.907093
1 -0.674546
1 -0.627334
1 -0.617289
1 -0.735822
1 -0.795089
1 -0.689112
1 -0.640393
1 -0.670026
1 -0.649433
1 -0.576606
1 -0.512316
1 -0.747876
1 -0.545968
1 -0.681578
1 -0.542452
1 -0.54195
1 -0.281779
1 -0.52638
1 -0.671031
1 -0.598705
1 -0.590167
1 -0.389263
1 -0.507294
1 -0.538936
1 -0.341046
1 -0.102472
1 -0.53542
1 -0.619298
1 -0.737329
1 -0.460584
1 -0.536927
1 -0.516837
1 -0.471131
1 -0.132607
1 -0.600212
1 -0.530398
1 -0.85084
1 -0.674546
1 -0.45757
1 -0.360131
1 -0.0944357
1 -0.492226
1 -0.560031
1 -0.641397
1 -0.662492
1 -0.583637
1 -0.545466
1 -0.288308
1 -0.452045
1 -0.485194
1 -0.603728
1 -0.671533
1 -0.715732
1 -0.759428
1 -0.517339
1 -0.658474
1 -0.597198
1 -0.669524
1 -0.2421
1 -0.272236
1 -0.729293
1 -0.618796
1 -0.669022
1 -0.524873
1 -0.610257
1 -0.445013
1 -0.730297
1 -0.698655
1 -0.810157
1 -0.700664
1 -0.806641
1 -0.675049
1 -0.51081
1 -0.532909
1 -0.546972
1 -0.779017
1 -0.736324
1 -0.820704
1 -0.929192
1 -0.814677
1 -0.897048
1 -0.88198
1 -0.903075
1 -0.780523
1 -0.679067
1 -0.958324
1 -0.951794
1 -0.971885
1 -0.924672
1 -0.934717
1 -0.861387
1 -0.92417
1 -0.981428
1 -0.970378
1 -0.96636
1 -0.96636
1 -0.977409
1 -0.964853
1 -0.981428
1 -0.998002
1 -1.00001
1 -0.958826
1 -0.961839
1 -0.962844
1 -0.965355
1 -0.9754
1 -0.9975
1 -0.920152
1 -0.961839
1 -0.990468
1 -0.946772
1 -0.980925
1 -0.975903
1 -0.995993
1 -0.991975
1 -1.00001
1 -1.00001
1 -0.985446
1 -0.998002
1 -0.989966
1 -0.973894
1 -0.993984
1 -0.968369
1 -0.976405
1 -0.977912
1 -0.973391
1 -0.854858
1 -0.956315
1 -0.904079
1 -0.954306
1 -0.93522
1 -0.893532
1 -0.931202
1 -0.862894
1 -0.812668
1 -0.806641
1 -0.64642
1 -0.674546
1 -0.653954
1 -0.723266
1 -0.423919
1 -0.400312
1 -0.417389
1 -0.586149
1 -0.552497
1 -0.643909
1 -0.711211
1 -0.620805
1 -0.535923
1 -0.438986
1 -0.398303
1 -0.377208
1 -0.432959
1 -0.551493
1 -0.705687
1 -0.622814
1 -0.575601
1 -0.450036
1 -0.556515
1 -0.374697
1 -0.397801
1 -0.20644
1 -0.374195
1 -0.0447119
1 -0.0386848
1 0.00300284
1 0.294314
1 0.0828622
1 -0.395792
1 -0.192879
1 0.08236
1 -0.196395
1 -0.454054
1 -0.39529
1 -0.32648
1 -0.35762
1 -0.502773
1 -0.0984538
1 -0.148178
1 -0.331
1 -0.288308
1 -0.301869
1 -0.505285
1 -0.597198
1 -0.334516
1 -0.443004
1 -0.56656
1 -0.262191
1 -0.0693227
1 -0.458574
1 -0.421909
1 -0.542452
1 -0.558022
1 -0.648931
1 -0.7087
1 -0.571583
1 -0.548981
1 -0.412869
1 -0.875953
1 -0.721759
1 -0.675551
1 -0.770478
1 -0.83979
1 -0.696144
1 -0.584642
1 -0.772487
1 -0.749886
1 -0.736324
1 -0.763447
1 -0.776505
1 -0.728791
1 -0.814175
1 -0.717741
1 -0.649936
1 -0.809152
1 -0.851342
1 -0.847826
1 -0.851342
1 -0.829745
1 -0.901066
1 -0.779519
1 -0.541447
1 -0.908098
1 -0.932708
1 -0.95079
1 -0.908098
1 -0.945265
1 -0.960835
1 -0.947776
1 -0.938735
1 -0.854356
1 -0.962342
1 -0.987455
1 -0.972387
1 -0.948781
1 -0.973391
1 -0.923165
1 -0.970378
1 -0.995993
1 -0.889012
1 -0.90207
1 -0.916134
1 -0.976907
1 -0.995993
1 -0.957319
1 -0.984943
1 -0.905084
1 -0.826229
1 -0.799107
1 -0.764451
1 -0.838786
1 -0.789564
1 -0.786048
1 -0.811664
1 -0.86189
1 -0.954306
1 -0.806139
1 -0.849333
1 -0.733813
1 -0.641397
1 -0.602723
1 -0.67756
1 -0.68208
1 -0.496244
1 -0.420905
1 -0.509805
1 -0.174295
1 -0.398805
1 -0.41538
1 -0.476656
1 -0.67756
1 -0.462593
1 -0.385244
1 -0.56204
1 -0.48419
1 -0.490719
1 -0.400815
1 -0.493733
1 -0.335018
1 -0.316937
1 -0.221005
1 -0.416887
1 -0.217489
1 -0.33753
1 -0.505285
1 -0.539941
1 -0.549986
1 -0.426932
1 -0.471633
1 -0.436977
1 -0.621809
1 -0.300865
1 -0.385244
1 -0.284792
1 -0.325475
1 -0.355611
1 -0.234566
1 -0.179318
1 -0.298856
1 -0.24863
1 -0.486199
1 -0.578615
1 -0.506289
1 -0.423416
1 -0.474145
1 -0.579117
1 -0.558524
1 -0.512819
1 -0.397801
1 -0.411864
1 -0.449534
1 -0.712216
1 -0.547475
1 -0.321457
1 -0.0964447
1 -0.453552
1 -0.582633
1 -0.706691
1 -0.680071
1 -0.691623
1 -0.758926
1 -0.816686
1 -0.791573
1 -0.731302
1 -0.712718
1 -0.701669
1 -0.784039
1 -0.87746
1 -0.639388
1 -0.748379
1 -0.738836
1 -0.795089
1 -0.871935
1 -0.854356
1 -0.891523
1 -0.840795
1 -0.916636
1 -0.843306
1 -0.85084
1 -0.899057
1 -0.911613
1 -0.905586
1 -0.906089
1 -0.85084
1 -0.814677
1 -0.91965
1 -0.943256
1 -0.966862
1 -0.925677
1 -0.931202
1 -0.907093
1 -0.89755
1 -0.814677
1 -0.915631
1 -0.9754
1 -0.973391
1 -0.956315
1 -0.976405
1 -0.998002
1 -0.957319
1 -0.974898
1 -0.994989
1 -0.998002
1 -0.971382
1 -0.93522
1 -0.963848
1 -0.905586
1 -0.834768
1 -0.943758
1 -0.923165
1 -0.930197
1 -0.96636
1 -0.952296
1 -0.927183
1 -0.87093
1 -0.843808
1 -0.82874
1 -0.806641
1 -0.89755
1 -0.771985
1 -0.617289
1 -0.716234
1 -0.747876
1 -0.647927
1 -0.554506
1 -0.462593
1 -0.485194
1 -0.474145
1 -0.377711
1 -0.355109
1 -0.37319
1 -0.543456
1 -0.413873
1 -0.56204
1 -0.271734
1 -0.363647
1 -0.255661
1 -0.0341644
1 0.0326362
1 0.109482
1 0.0753283
1 -0.298353
1 -0.0848927
1 -0.023617
1 0.0903961
1 0.214454
1 0.152676
1 -0.156716
1 0.045695
1 -0.377711
1 -0.257168
1 -0.176304
1 -0.00252203
1 -0.275752
1 -0.154205
1 0.0662876
1 -0.183336
1 0.384218
1 -0.0316531
1 -0.250136
1 -0.169775
1 0.022591
1 -0.223014
1 -0.327485
1 -0.352095
1 -0.458574
1 -0.0863995
1 -0.00905141
1 -0.154707
1 -0.183336
1 -0.114526
1 -0.0572684
1 -0.262191
1 -0.428941
1 -0.647424
1 -0.57761
1 -0.502271
1 -0.302371
1 -0.492226
1 -0.544963
1 -0.297851
1 -0.434968
1 -0.116535
1 -0.443507
1 -0.540443
1 -0.51081
1 -0.428439
1 -0.617791
1 -0.626832
1 -0.610759
1 -0.725777
1 -0.753904
1 -0.49976
1 -0.440493
1 -0.497249
1 -0.448529
1 -0.612266
1 -0.678565
1 -0.717741
1 -0.701166
1 -0.558524
1 -0.545968
1 -0.491724
1 -0.790066
1 -0.905084
1 -0.851342
1 -0.830749
1 -0.855862
1 -0.839288
1 -0.742352
1 -0.811161
1 -0.896043
1 -0.758424
1 -0.770478
1 -0.781528
1 -0.881478
1 -0.936224
1 -0.889514
1 -0.837781
1 -0.916134
1 -0.934717
1 -0.914627
1 -0.842301
1 -0.969373
1 -0.995993
1 -0.908098
1 -0.998002
1 -0.979419
1 -0.958826
1 -0.957319
1 -0.859881
1 -0.880975
1 -0.858876
1 -0.910107
1 -0.76194
1 -0.845315
1 -0.893532
1 -0.8197
1 -0.731804
1 -0.743858
1 -0.69765
1 -0.643406
1 -0.783537
1 -0.708198
1 -0.424923
1 -0.61528
1 -0.770478
1 -0.601719
1 -0.277761
1 -0.358625
1 -0.366661
1 -0.28881
1 -0.38424
1 -0.0271328
1 -0.102472
1 -0.209453
1 -0.143657
1 0.036152
1 0.0190752
1 -0.177811
1 -0.0512413
1 -0.0768566
1 0.0652831
1 0.431431
1 0.165735
1 0.122541
1 0.343033
1 0.204912
1 0.163726
1 -0.0894131
1 -0.171784
1 -0.228539
1 -0.387254
1 -0.325475
1 0.348558
1 0.237558
1 0.192857
1 0.0115413
1 0.123545
1 0.0190752
1 -0.0311509
1 -0.318946
1 -0.0190966
1 -0.1532
1 0.295821
1 0.12003
1 0.0451927
1 -0.244612
1 -0.134114
1 -0.104481
1 -0.119549
1 0.0336407
1 -0.0643001
1 0.020582
1 -0.163245
1 -0.277258
1 -0.325475
1 -0.219499
1 -0.193381
1 -0.244109
1 -0.405837
1 -0.352598
1 -0.394285
1 -0.634868
1 -0.563045
1 -0.609755
1 -0.614777
1 -0.57309
1 -0.574094
1 -0.601719
1 -0.338534
1 -0.228037
1 -0.284792
1 -0.56204
1 -0.565556
1 -0.408851
1 -0.631854
1 -0.627334
1 -0.673542
1 -0.709202
1 -0.837279
1 -0.841799
1 -0.790569
1 -0.831252
1 -0.738836
1 -0.718243
1 -0.609253
1 -0.797098
1 -0.828238
1 -0.840292
1 -0.754406
1 -0.809655
1 -0.970378
1 -0.926179
1 -0.801116
1 -0.908098
1 -0.841799
1 -0.936224
1 -0.831252
1 -0.859378
1 -0.938233
1 -0.987455
1 -0.980423
1 -0.998002
1 -0.995993
1 -0.920654
1 -0.98645
1 -0.993984
1 -0.998002
1 -0.963346
1 -0.936726
1 -0.988459
1 -0.947274
1 -0.932708
1 -0.943256
1 -0.832256
1 -0.849835
1 -0.963346
1 -0.91764
1 -0.792578
1 -0.772989
1 -0.808148
1 -0.7087
1 -0.694637
1 -0.583135
1 -0.365656
1 -0.453552
1 -0.477158
1 -0.118042
1 -0.15772
1 -0.212969
1 -0.0286396
1 -0.170779
1 -0.0823814
1 0.206418
1 0.232536
1 0.104459
1 0.431431
1 0.366137
1 0.173771
1 -0.0733407
1 0.119025
1 0.245595
1 0.170256
1 0.427915
1 0.331481
1 0.123545
1 0.677539
1 0.805113
1 0.499738
1 0.702652
1 0.439969
1 0.173269
1 0.356092
1 0.394264
1 0.246599
1 0.219979
1 0.361115
1 0.423897
1 0.431933
1 0.290296
1 0.0828622
1 0.334495
1 0.545444
1 0.0175684
1 0.320934
1 0.161717
1 0.223495
1 0.199889
1 0.0642786
1 0.419377
1 0.0326362
1 -0.207947
1 -0.118042
1 -0.110508
1 0.0406724
1 -0.247123
1 -0.273743
1 -0.132607
1 -0.149684
1 -0.216485
1 -0.134114
1 -0.0457164
1 -0.0954402
1 -0.41086
1 -0.362643
1 -0.391272
1 -0.587655
1 -0.671533
1 -0.622311
1 -0.563547
1 -0.636877
1 -0.450036
1 -0.501267
1 -0.602221
1 -0.547475
1 -0.730297
1 -0.76646
1 -0.714225
1 -0.723266
1 -0.63989
1 -0.674044
1 -0.669022
1 -0.689112
1 -0.700664
1 -0.842301
1 -0.841799
1 -0.634868
1 -0.718243
1 -0.805134
1 -0.833261
1 -0.855862
1 -0.823216
1 -0.875451
1 -0.790569
1 -0.69313
1 -0.742854
1 -0.855862
1 -0.761438
1 -0.722763
1 -0.748379
1 -0.830749
1 -0.891523
1 -0.8865
1 -0.872939
1 -0.878966
1 -0.93522
1 -0.928188
1 -0.932206
1 -0.975903
1 -0.930699
1 -0.964853
1 -0.953803
1 -0.94426
1 -0.889012
1 -0.872437
1 -0.895541
1 -0.912116
1 -0.948781
1 -0.826731
1 -0.882985
1 -0.91312
1 -0.933211
1 -0.876957
1 -0.853853
1 -0.885496
1 -0.875953
1 -0.7976
1 -0.822713
1 -0.817188
1 -0.653452
1 -0.67756
1 -0.659981
1 -0.597198
1 -0.63537
1 -0.642904
1 -0.592176
1 -0.59318
1 -0.498755
1 -0.211462
1 -0.334014
1 -0.204933
1 -0.505787
1 -0.384742
1 -0.520855
1 -0.349584
1 -0.23758
1 -0.454054
1 -0.372186
1 -0.328991
1 -0.100965
1 -0.133612
1 -0.203928
1 -0.344561
1 -0.422412
1 -0.0959425
1 -0.21548
1 -0.315933
1 -0.222512
1 -0.166259
1 -0.234064
1 -0.38876
1 -0.218996
1 -0.25767
1 -0.143657
1 -0.0341644
1 -0.241096
1 -0.146671
1 -0.246118
1 -0.311412
1 -0.302874
1 -0.350588
1 -0.319951
1 -0.335018
1 -0.303878
1 -0.206942
1 -0.0919244
1 -0.268218
1 -0.221005
1 -0.0934312
1 -0.240091
1 -0.19991
1 -0.338534
1 -0.292829
1 -0.38424
1 -0.322964
1 -0.406339
1 -0.351091
1 -0.438484
1 -0.56857
1 -0.489715
1 -0.590669
1 -0.644913
1 -0.423919
1 -0.563045
1 -0.6419
1 -0.631352
1 -0.550488
1 -0.414878
1 -0.563045
1 -0.370679
1 -0.429946
1 -0.549986
1 -0.427937
1 -0.373692
1 -0.456063
1 -0.45305
1 -0.544461
1 -0.563547
1 -0.702673
1 -0.677058
1 -0.689614
1 -0.694135
1 -0.671533
1 -0.589162
1 -0.697148
1 -0.718243
1 -0.833261
1 -0.816184
1 -0.57761
1 -0.780523
1 -0.827736
1 -0.832758
1 -0.802121
1 -0.812668
1 -0.844813
1 -0.711211
1 -0.717239
1 -0.741347
1 -0.602723
1 -0.759428
1 -0.712718
1 -0.662492
1 -0.8197
1 -0.851342
1 -0.862894
1 -0.916134
1 -0.915129
1 -0.961337
1 -0.934215
1 -0.916134
1 -0.797098
1 -0.71523
1 -0.898052
1 -0.931704
1 -0.859881
1 -0.941749
1 -0.940242
1 -0.967867
1 -0.841799
1 -0.862894
1 -0.9086
1 -0.910107
1 -0.985446
1 -0.878966
1 -0.899559
1 -0.85084
1 -0.960333
1 -0.888007
1 -0.880473
1 -0.832758
1 -0.934717
1 -0.904582
1 -0.864401
1 -0.72427
1 -0.84632
1 -0.784039
1 -0.686601
1 -0.688107
1 -0.791071
1 -0.691623
1 -0.629845
1 -0.334014
1 -0.455561
1 -0.29082
1 -0.411864
1 -0.323969
1 -0.499258
1 -0.586149
1 -0.0170876
1 -0.110508
1 -0.304381
1 -0.12658
1 0.184821
1 -0.0221102
1 -0.0190966
1 -0.278263
1 -0.0442096
1 0.0632741
1 0.133591
1 0.0115413
1 0.340522
1 0.323947
1 0.303355
1 0.253631
1 0.1356
1 0.101948
1 -0.102472
1 0.166237
1 0.279246
1 0.118523
1 -0.0311509
1 -0.037178
1 0.102953
1 0.171762
1 0.0522244
1 0.24007
1 -0.213471
1 -0.0462187
1 -0.0125672
1 0.131582
1 -0.0221102
1 -0.339037
1 0.0311294
1 0.21797
1 0.232034
1 0.0858758
1 -0.0658068
1 -0.0185944
1 -0.247625
1 0.159708
1 0.110487
1 -0.144662
1 -0.400815
1 -0.177811
1 -0.29986
1 -0.186852
1 -0.159227
1 -0.325475
1 -0.359629
1 -0.151191
1 -0.4199
1 -0.632859
1 -0.554506
1 -0.449534
1 -0.334516
1 -0.339539
1 -0.45305
1 -0.517841
1 -0.648931
1 -0.635872
1 -0.770478
1 -0.77098
1 -0.62432
1 -0.44652
1 -0.413873
1 -0.545968
1 -0.513321
1 -0.67304
1 -0.720252
1 -0.82422
1 -0.8865
1 -0.936726
1 -0.866912
1 -0.892527
1 -0.910609
1 -0.896043
1 -0.915129
1 -0.89755
1 -0.837279
1 -0.857872
1 -0.799609
1 -0.949283
1 -0.978414
1 -0.889514
1 -0.910107
1 -0.920654
1 -0.985948
1 -0.859881
1 -0.930699
1 -0.887505
1 -0.919147
1 -0.996998
1 -0.909102
1 -0.950287
1 -0.974396
1 -0.798605
1 -0.922663
1 -0.97088
1 -0.95079
1 -0.982934
1 -0.912618
1 -0.768971
1 -0.803627
1 -0.905586
1 -0.808148
1 -0.759428
1 -0.788057
1 -0.681578
1 -0.754908
1 -0.853853
1 -0.645918
1 -0.771985
1 -0.54195
1 -0.453552
1 -0.627334
1 -0.375702
1 -0.340041
1 -0.29986
1 -0.283286
1 -0.213974
1 -0.212467
1 0.161215
1 0.0552379
1 0.0482063
1 -0.144159
1 -0.164752
1 -0.0185944
1 0.42892
1 -0.0934312
1 0.165233
1 0.130577
1 0.0657854
1 0.196373
1 0.0617673
1 0.142129
1 -0.137128
1 -0.037178
1 -0.0472232
1 -0.120051
1 -0.230046
1 -0.0401916
1 0.266187
1 -0.150689
1 0.00149606
1 -0.10197
1 -0.0100559
1 -0.0190966
1 0.206921
1 -0.0105582
1 -0.00754463
1 -0.161739
1 0.128568
1 0.206418
1 0.209432
1 -0.151693
1 -0.0100559
1 -0.198906
1 0.0677944
1 -0.00402881
1 0.158704
1 -0.241598
1 -0.285797
1 -0.52638
1 -0.505285
1 -0.42643
1 -0.538434
1 -0.527886
1 -0.329996
1 -0.349082
1 -0.387254
1 -0.591171
1 -0.358122
1 -0.485697
1 -0.525877
1 -0.60423
1 -0.650438
1 -0.596194
1 -0.686098
1 -0.843306
1 -0.642904
1 -0.757922
1 -0.656465
1 -0.573592
1 -0.72427
1 -0.761438
1 -0.862392
1 -0.850338
1 -0.800614
1 -0.745867
1 -0.827736
1 -0.796596
1 -0.662994
1 -0.851844
1 -0.838283
1 -0.836274
1 -0.769976
1 -0.767465
1 -0.891523
1 -0.902573
1 -0.887003
1 -0.89755
1 -0.9086
1 -0.921156
1 -0.84632
1 -0.929695
1 -0.925174
1 -0.933211
1 -0.961337
1 -0.936726
1 -0.965857
1 -0.961839
1 -0.917138
1 -0.940744
1 -0.901066
1 -0.984943
1 -0.996495
1 -0.874948
1 -0.929695
1 -0.962844
1 -0.944763
1 -0.939238
1 -0.884491
1 -0.872437
1 -0.895541
1 -0.93522
1 -0.820704
1 -0.700162
1 -0.83527
1 -0.746872
1 -0.721257
1 -0.776505
1 -0.747876
1 -0.588158
1 -0.645415
1 -0.628338
1 -0.545466
1 -0.514325
1 -0.391774
1 -0.337027
1 -0.605737
1 -0.511312
1 -0.401317
1 -0.568067
1 -0.507796
1 -0.480172
1 -0.529895
1 -0.24863
1 0.0406724
1 -0.128589
1 -0.285295
1 -0.466108
1 -0.152698
1 -0.0542548
1 -0.413371
1 -0.331503
1 -0.167766
1 0.0934097
1 -0.0381825
1 -0.166761
1 -0.0557616
1 0.227011
1 -0.0934312
1 -0.216485
1 -0.28881
1 -0.205937
1 -0.280272
1 -0.283788
1 -0.389765
1 -0.167263
1 -0.187856
1 -0.286299
1 0.0190752
1 -0.382231
1 -0.188861
1 0.196373
1 -0.0251237
1 -0.113019
1 0.0718125
1 -0.0728385
1 -0.145164
1 -0.261186
1 -0.0612865
1 -0.0582729
1 -0.3531
1 -0.191372
1 -0.118042
1 -0.0562639
1 -0.240593
1 -0.260684
1 -0.320453
1 -0.329494
1 -0.6198
1 -0.494235
1 -0.508298
1 -0.564049
1 -0.403828
1 -0.355611
1 -0.420403
1 -0.605737
1 -0.508801
1 -0.583637
1 -0.637379
1 -0.695641
1 -0.625325
1 -0.62432
1 -0.702673
1 -0.634366
1 -0.666008
1 -0.579117
1 -0.649936
1 -0.754908
1 -0.627334
1 -0.647927
1 -0.854858
1 -0.758424
1 -0.781528
1 -0.801116
1 -0.805636
1 -0.689112
1 -0.714727
1 -0.686601
1 -0.696144
1 -0.81317
1 -0.933713
1 -0.86189
1 -0.702171
1 -0.895039
1 -0.971382
1 -0.91312
1 -0.747374
1 -0.81317
1 -0.876957
1 -0.888509
1 -0.895541
1 -0.880975
1 -0.925174
1 -0.820704
1 -0.888007
1 -0.852849
1 -0.907595
1 -0.963848
1 -0.972889
1 -0.90207
1 -0.89303
1 -0.92417
1 -0.95079
1 -0.979921
1 -0.992477
1 -0.985948
1 -0.91312
1 -0.979419
1 -0.985446
1 -0.922161
1 -0.98193
1 -0.976907
1 -0.973894
1 -0.996998
1 -0.998504
1 -0.993984
1 -0.978916
1 -0.966862
1 -0.994989
1 -0.993482
1 -0.993984
1 -0.996998
1 -0.993984
1 -0.985446
1 -0.968369
1 -0.972387
1 -1.00001
1 -0.964351
1 -0.961337
1 -0.965355
1 -0.918143
1 -0.90207
1 -0.856867
1 -0.879469
1 -0.947776
1 -0.930197
1 -0.905586
1 -0.873442
1 -0.851342
1 -0.817188
1 -0.831252
1 -0.827234
1 -0.876957
1 -0.862894
1 -0.757419
1 -0.605235
1 -0.617791
1 -0.707696
1 -0.718243
1 -0.676053
1 -0.669524
1 -0.396796
1 -0.36867
1 -0.301367
1 -0.451041
1 -0.525877
1 -0.759931
1 -0.565054
1 -0.56857
1 -0.51533
1 -0.537932
1 -0.497249
1 -0.523868
1 -0.529393
1 -0.615782
1 -0.560031
1 -0.714727
1 -0.517339
1 -0.694135
1 -0.606741
1 -0.461086
1 -0.396294
1 -0.614777
1 -0.567063
1 -0.538936
1 -0.726279
1 -0.425425
1 -0.427937
1 -0.376204
1 -0.412367
1 -0.266209
1 -0.353602
1 -0.434968
1 -0.434968
1 -0.483185
1 -0.496746
1 -0.463095
1 -0.347073
1 -0.547977
1 -0.479669
1 -0.432959
1 -0.532909
1 -0.665004
1 -0.726279
1 -0.621809
1 -0.554004
1 -0.666008
1 -0.669524
1 -0.676555
1 -0.605235
1 -0.680574
1 -0.687605
1 -0.7087
1 -0.713723
1 -0.716736
1 -0.728288
1 -0.809655
1 -0.741347
1 -0.897048
1 -0.837279
1 -0.747876
1 -0.776003
1 -0.831252
1 -0.892527
1 -0.905084
