-0.844523 -0.772438 -0.716468 -0.639176
-0.772438 -0.716468 -0.639176 -0.494587
-0.716468 -0.639176 -0.494587 -0.250051
-0.639176 -0.494587 -0.250051 -0.572545
-0.494587 -0.250051 -0.572545 -0.672492
-0.250051 -0.572545 -0.672492 -0.783099
-0.572545 -0.672492 -0.783099 -0.805754
-0.672492 -0.783099 -0.805754 -0.861057
-0.783099 -0.805754 -0.861057 -0.894263
-0.805754 -0.861057 -0.894263 -0.894043
-0.861057 -0.894263 -0.894043 -0.872058
-0.894263 -0.894043 -0.872058 -0.77213
-0.894043 -0.872058 -0.77213 -0.594258
-0.872058 -0.77213 -0.594258 -0.372418
-0.77213 -0.594258 -0.372418 -0.194546
-0.594258 -0.372418 -0.194546 -0.227855
-0.372418 -0.194546 -0.227855 -0.461021
-0.194546 -0.227855 -0.461021 -0.582933
-0.227855 -0.461021 -0.582933 -0.605583
-0.461021 -0.582933 -0.605583 -0.649552
-0.582933 -0.605583 -0.649552 -0.77213
-0.605583 -0.649552 -0.77213 -0.660877
-0.649552 -0.77213 -0.660877 -0.449696
-0.77213 -0.660877 -0.449696 -0.027999
-0.660877 -0.449696 -0.027999 0.460316
-0.449696 -0.027999 0.460316 0.249801
-0.027999 0.460316 0.249801 -0.0832925
0.460316 0.249801 -0.0832925 -0.372418
0.249801 -0.0832925 -0.372418 -0.505655
-0.0832925 -0.372418 -0.505655 -0.77213
-0.372418 -0.505655 -0.77213 -0.838749
-0.505655 -0.77213 -0.838749 -0.716171
-0.77213 -0.838749 -0.716171 -0.516314
-0.838749 -0.716171 -0.516314 -0.116602
-0.716171 -0.516314 -0.116602 0.00531039
-0.516314 -0.116602 0.00531039 0.338404
-0.116602 0.00531039 0.338404 0.227151
0.00531039 0.338404 0.227151 -0.0832925
0.338404 0.227151 -0.0832925 -0.449696
0.227151 -0.0832925 -0.449696 -0.672202
-0.0832925 -0.449696 -0.672202 -0.716171
-0.449696 -0.672202 -0.716171 -0.838749
-0.672202 -0.716171 -0.838749 -0.77213
-0.716171 -0.838749 -0.77213 -0.649552
-0.838749 -0.77213 -0.649552 -0.449696
-0.77213 -0.649552 -0.449696 -0.227855
-0.649552 -0.449696 -0.227855 0.00397801
-0.449696 -0.227855 0.00397801 0.0319579
-0.227855 0.00397801 0.0319579 -0.364424
0.00397801 0.0319579 -0.364424 -0.363091
0.0319579 -0.364424 -0.363091 -0.552955
-0.364424 -0.363091 -0.552955 -0.758807
-0.363091 -0.552955 -0.758807 -0.787453
-0.552955 -0.758807 -0.787453 -0.780791
-0.758807 -0.787453 -0.780791 -0.534301
-0.787453 -0.780791 -0.534301 -0.365756
-0.780791 -0.534301 -0.365756 -0.294474
-0.534301 -0.365756 -0.294474 -0.195878
-0.365756 -0.294474 -0.195878 0.0599378
-0.294474 -0.195878 0.0599378 -0.214531
-0.195878 0.0599378 -0.214531 -0.39307
0.0599378 -0.214531 -0.39307 -0.489667
-0.214531 -0.39307 -0.489667 -0.662209
-0.39307 -0.489667 -0.662209 -0.767467
-0.489667 -0.662209 -0.767467 -0.474345
-0.662209 -0.767467 -0.474345 -0.119267
-0.767467 -0.474345 -0.119267 0.283777
-0.474345 -0.119267 0.283777 0.225152
-0.119267 0.283777 0.225152 0.0119723
0.283777 0.225152 0.0119723 -0.155907
0.225152 0.0119723 -0.155907 -0.507654
0.0119723 -0.155907 -0.507654 -0.554287
-0.155907 -0.507654 -0.554287 -0.816099
-0.507654 -0.554287 -0.816099 -0.674201
-0.554287 -0.816099 -0.674201 0.133218
-0.816099 -0.674201 0.133218 0.820058
-0.674201 0.133218 0.820058 0.503619
0.133218 0.820058 0.503619 0.0472802
0.820058 0.503619 0.0472802 -0.13792
0.503619 0.0472802 -0.13792 -0.46635
0.0472802 -0.13792 -0.46635 -0.640891
-0.13792 -0.46635 -0.640891 -0.780791
-0.46635 -0.640891 -0.780791 -0.626235
-0.640891 -0.780791 -0.626235 0.0266284
-0.780791 -0.626235 0.0266284 0.57157
-0.626235 0.0266284 0.57157 0.559578
0.0266284 0.57157 0.559578 0.417014
0.57157 0.559578 0.417014 0.103906
0.559578 0.417014 0.103906 -0.154575
0.417014 0.103906 -0.154575 -0.227855
0.103906 -0.154575 -0.227855 -0.373084
-0.154575 -0.227855 -0.373084 -0.439037
-0.227855 -0.373084 -0.439037 -0.657546
-0.373084 -0.439037 -0.657546 -0.716171
-0.439037 -0.657546 -0.716171 -0.82276
-0.657546 -0.716171 -0.82276 -0.848742
-0.716171 -0.82276 -0.848742 -0.818763
-0.82276 -0.848742 -0.818763 -0.732825
-0.848742 -0.818763 -0.732825 -0.516314
-0.818763 -0.732825 -0.516314 -0.394402
-0.732825 -0.516314 -0.394402 -0.41572
-0.516314 -0.394402 -0.41572 -0.366422
-0.394402 -0.41572 -0.366422 -0.425713
-0.41572 -0.366422 -0.425713 -0.582267
-0.366422 -0.425713 -0.582267 -0.782123
-0.425713 -0.582267 -0.782123 -0.804107
-0.582267 -0.782123 -0.804107 -0.866063
-0.782123 -0.804107 -0.866063 -0.894043
-0.804107 -0.866063 -0.894043 -0.87872
-0.866063 -0.894043 -0.87872 -0.838749
-0.894043 -0.87872 -0.838749 -0.758807
-0.87872 -0.838749 -0.758807 -0.739487
-0.838749 -0.758807 -0.739487 -0.500992
-0.758807 -0.739487 -0.500992 -0.385742
-0.739487 -0.500992 -0.385742 -0.439037
-0.500992 -0.385742 -0.439037 -0.541629
-0.385742 -0.439037 -0.541629 -0.63756
-0.439037 -0.541629 -0.63756 -0.732825
-0.541629 -0.63756 -0.732825 -0.832753
-0.63756 -0.732825 -0.832753 -0.852073
-0.732825 -0.832753 -0.852073 -0.879386
-0.832753 -0.852073 -0.879386 -0.818097
-0.852073 -0.879386 -0.818097 -0.706178
-0.879386 -0.818097 -0.706178 -0.494996
-0.818097 -0.706178 -0.494996 -0.341107
-0.706178 -0.494996 -0.341107 -0.171229
-0.494996 -0.341107 -0.171229 -0.126595
-0.341107 -0.171229 -0.126595 -0.111939
-0.171229 -0.126595 -0.111939 -0.355763
-0.126595 -0.111939 -0.355763 -0.598922
-0.111939 -0.355763 -0.598922 -0.804773
-0.355763 -0.598922 -0.804773 -0.764136
-0.598922 -0.804773 -0.764136 -0.322454
-0.804773 -0.764136 -0.322454 0.3897
-0.764136 -0.322454 0.3897 0.620201
-0.322454 0.3897 0.620201 0.229816
0.3897 0.620201 0.229816 0.0586054
0.620201 0.229816 0.0586054 -0.191215
0.229816 0.0586054 -0.191215 -0.472346
0.0586054 -0.191215 -0.472346 -0.625569
-0.191215 -0.472346 -0.625569 -0.773463
-0.472346 -0.625569 -0.773463 -0.72683
-0.625569 -0.773463 -0.72683 -0.455691
-0.773463 -0.72683 -0.455691 -0.209868
-0.72683 -0.455691 -0.209868 0.213827
-0.455691 -0.209868 0.213827 0.493626
-0.209868 0.213827 0.493626 0.321749
0.213827 0.493626 0.321749 -0.0526479
0.493626 0.321749 -0.0526479 -0.081294
0.321749 -0.0526479 -0.081294 -0.209868
-0.0526479 -0.081294 -0.209868 -0.400398
-0.081294 -0.209868 -0.400398 -0.634229
-0.209868 -0.400398 -0.634229 -0.809437
-0.400398 -0.634229 -0.809437 -0.839415
-0.634229 -0.809437 -0.839415 -0.604917
-0.809437 -0.839415 -0.604917 -0.198543
-0.839415 -0.604917 -0.198543 0.29377
-0.604917 -0.198543 0.29377 0.319751
-0.198543 0.29377 0.319751 0.0825881
0.29377 0.319751 0.0825881 -0.147247
0.319751 0.0825881 -0.147247 -0.337776
0.0825881 -0.147247 -0.337776 -0.299803
-0.147247 -0.337776 -0.299803 -0.508986
-0.337776 -0.299803 -0.508986 -0.689523
-0.299803 -0.508986 -0.689523 -0.801442
-0.508986 -0.689523 -0.801442 -0.475677
-0.689523 -0.801442 -0.475677 -0.070635
-0.801442 -0.475677 -0.070635 0.651512
-0.475677 -0.070635 0.651512 0.340403
-0.070635 0.651512 0.340403 0.233146
0.651512 0.340403 0.233146 -0.16057
0.340403 0.233146 -0.16057 -0.397733
0.233146 -0.16057 -0.397733 -0.705512
-0.16057 -0.397733 -0.705512 -0.768133
-0.397733 -0.705512 -0.768133 -0.756142
-0.705512 -0.768133 -0.756142 -0.85607
-0.768133 -0.756142 -0.85607 -0.827424
-0.756142 -0.85607 -0.827424 -0.5363
-0.85607 -0.827424 -0.5363 -0.291143
-0.827424 -0.5363 -0.291143 -0.234517
-0.5363 -0.291143 -0.234517 -0.187218
-0.291143 -0.234517 -0.187218 -0.189216
-0.234517 -0.187218 -0.189216 -0.319123
-0.187218 -0.189216 -0.319123 -0.611579
-0.189216 -0.319123 -0.611579 -0.748814
-0.319123 -0.611579 -0.748814 -0.81943
-0.611579 -0.748814 -0.81943 -0.824759
-0.748814 -0.81943 -0.824759 -0.815432
-0.81943 -0.824759 -0.815432 -0.497661
-0.824759 -0.815432 -0.497661 -0.0832925
-0.815432 -0.497661 -0.0832925 0.0519435
-0.497661 -0.0832925 0.0519435 -0.027999
-0.0832925 0.0519435 -0.027999 -0.183887
0.0519435 -0.027999 -0.183887 -0.431709
-0.027999 -0.183887 -0.431709 -0.602252
-0.183887 -0.431709 -0.602252 -0.598255
-0.431709 -0.602252 -0.598255 -0.759473
-0.602252 -0.598255 -0.759473 -0.789451
-0.598255 -0.759473 -0.789451 -0.863398
-0.759473 -0.789451 -0.863398 -0.837417
-0.789451 -0.863398 -0.837417 -0.622238
-0.863398 -0.837417 -0.622238 -0.427045
-0.837417 -0.622238 -0.427045 -0.191215
-0.622238 -0.427045 -0.191215 -0.293808
-0.427045 -0.191215 -0.293808 -0.209202
-0.191215 -0.293808 -0.209202 -0.355097
-0.293808 -0.209202 -0.355097 -0.406393
-0.209202 -0.355097 -0.406393 -0.688191
-0.355097 -0.406393 -0.688191 -0.830755
-0.406393 -0.688191 -0.830755 -0.854071
-0.688191 -0.830755 -0.854071 -0.878054
-0.830755 -0.854071 -0.878054 -0.786786
-0.854071 -0.878054 -0.786786 -0.367755
-0.878054 -0.786786 -0.367755 -0.261165
-0.786786 -0.367755 -0.261165 0.262459
-0.367755 -0.261165 0.262459 0.00264564
-0.261165 0.262459 0.00264564 -0.189883
0.262459 0.00264564 -0.189883 -0.476343
0.00264564 -0.189883 -0.476343 -0.604251
-0.189883 -0.476343 -0.604251 -0.736156
-0.476343 -0.604251 -0.736156 -0.829422
-0.604251 -0.736156 -0.829422 -0.708176
-0.736156 -0.829422 -0.708176 -0.401064
-0.829422 -0.708176 -0.401064 -0.184553
-0.708176 -0.401064 -0.184553 -0.129926
-0.401064 -0.184553 -0.129926 -0.0299975
-0.184553 -0.129926 -0.0299975 -0.173228
-0.129926 -0.0299975 -0.173228 -0.498327
-0.0299975 -0.173228 -0.498327 -0.660211
-0.173228 -0.498327 -0.660211 -0.770132
-0.498327 -0.660211 -0.770132 -0.832753
-0.660211 -0.770132 -0.832753 -0.796779
-0.770132 -0.832753 -0.796779 -0.492998
-0.832753 -0.796779 -0.492998 -0.00934573
-0.796779 -0.492998 -0.00934573 0.375711
-0.492998 -0.00934573 0.375711 0.322416
-0.00934573 0.375711 0.322416 0.0919147
0.375711 0.322416 0.0919147 -0.141251
0.322416 0.0919147 -0.141251 -0.366422
0.0919147 -0.141251 -0.366422 -0.555619
-0.141251 -0.366422 -0.555619 -0.713506
-0.366422 -0.555619 -0.713506 -0.786786
-0.555619 -0.713506 -0.786786 -0.525641
-0.713506 -0.786786 -0.525641 0.133885
-0.786786 -0.525641 0.133885 0.536262
-0.525641 0.133885 0.536262 0.391699
0.133885 0.536262 0.391699 0.376377
0.536262 0.391699 0.376377 -0.101946
0.391699 0.376377 -0.101946 -0.23918
0.376377 -0.101946 -0.23918 -0.594258
-0.101946 -0.23918 -0.594258 -0.760139
-0.23918 -0.594258 -0.760139 -0.850074
-0.594258 -0.760139 -0.850074 -0.532969
-0.760139 -0.850074 -0.532969 0.442995
-0.850074 -0.532969 0.442995 0.9
-0.532969 0.442995 0.9 0.9
0.442995 0.9 0.9 0.9
0.9 0.9 0.9 0.40234
0.9 0.9 0.40234 -0.270438
0.9 0.40234 -0.270438 -0.457773
0.40234 -0.270438 -0.457773 -0.56773
-0.270438 -0.457773 -0.56773 -0.770541
-0.457773 -0.56773 -0.770541 -0.713526
-0.56773 -0.770541 -0.713526 -0.34863
-0.770541 -0.713526 -0.34863 0.189755
-0.713526 -0.34863 0.189755 0.329035
-0.34863 0.189755 0.329035 0.324148
0.189755 0.329035 0.324148 0.312745
0.329035 0.324148 0.312745 -0.123827
0.324148 0.312745 -0.123827 -0.0977635
0.312745 -0.123827 -0.0977635 -0.452071
-0.123827 -0.0977635 -0.452071 -0.491982
-0.0977635 -0.452071 -0.491982 -0.709454
-0.452071 -0.491982 -0.709454 -0.742848
-0.491982 -0.709454 -0.742848 -0.572617
-0.709454 -0.742848 -0.572617 0.17428
-0.742848 -0.572617 0.17428 0.9
-0.572617 0.17428 0.9 0.9
0.17428 0.9 0.9 0.796412
0.9 0.9 0.796412 0.486498
0.9 0.796412 0.486498 -0.119745
0.796412 0.486498 -0.119745 -0.378714
0.486498 -0.119745 -0.378714 -0.717497
-0.119745 -0.378714 -0.717497 -0.766743
-0.378714 -0.717497 -0.766743 -0.604569
-0.717497 -0.766743 -0.604569 0.151961
-0.766743 -0.604569 0.151961 0.9
-0.604569 0.151961 0.9 0.798626
0.151961 0.9 0.798626 0.9
0.9 0.798626 0.9 0.478819
0.798626 0.9 0.478819 -0.107127
0.9 0.478819 -0.107127 -0.428419
0.478819 -0.107127 -0.428419 -0.632316
-0.107127 -0.428419 -0.632316 -0.771336
-0.428419 -0.632316 -0.771336 -0.593184
-0.632316 -0.771336 -0.593184 0.0185065
-0.771336 -0.593184 0.0185065 0.512802
-0.593184 0.0185065 0.512802 0.9
0.0185065 0.512802 0.9 0.9
0.512802 0.9 0.9 0.9
0.9 0.9 0.9 0.679323
0.9 0.9 0.679323 0.143395
0.9 0.679323 0.143395 -0.163976
0.679323 0.143395 -0.163976 -0.496568
0.143395 -0.163976 -0.496568 -0.687295
-0.163976 -0.496568 -0.687295 -0.819701
-0.496568 -0.687295 -0.819701 -0.810244
-0.687295 -0.819701 -0.810244 -0.493415
-0.819701 -0.810244 -0.493415 0.387715
-0.810244 -0.493415 0.387715 0.446037
-0.493415 0.387715 0.446037 0.595782
0.387715 0.446037 0.595782 0.9
