0.0596046 1
0.153471 2
0.0107478 3
0.000141082 4
0.00754538 5
0.00789879 6
0.00458807 7
0.00524677 8
0.00334374 9
0.00120911 10
0.0016549 11
0.0267302 12
0.0918848 13
0.14779 14
0.0689993 15
0.00114933 16
0.0284205 17
0.0171332 18
0.00521466 19
0.00801139 20
0.000827202 21
0.0334436 22
0.198755 23
0.447992 24
0.0827514 25
0.000276931 26
0.0629568 27
0.157343 28
0.446059 29
0.372778 30
0.0298254 31
0.00462924 32
0.119568 33
0.0916696 34
0.119258 35
0.0290773 36
0.00161781 37
0.0877528 38
0.234511 39
0.356281 40
0.275127 41
0.0327098 42
1.87021e-06 43
0.0205657 44
0.0663517 45
0.0909549 46
0.0171788 47
0.0624261 48
0.0470507 49
0.0798301 50
0.124026 51
0.02932 52
0.00798814 53
0.0150811 54
0.0498973 55
0.040955 56
0.0314051 57
0.0551918 58
0.00904322 59
0.0571309 60
0.0492207 61
0.0799032 62
0.0409286 63
0.0126009 64
0.119769 65
0.248367 66
0.0333047 67
0.00234516 68
0.0117405 69
0.104243 70
0.146626 71
0.29682 72
0.0580814 73
0.22652 74
0.538965 75
0.0215706 76
0.000397192 77
0.0106307 78
0.0126981 79
0.135818 80
0.453103 81
0.148669 82
0.0875465 83
0.243422 84
0.0197713 85
0.0328129 86
0.0374368 87
5.33165e-05 88
1.07268e-05 89
0.0186259 90
0.0904435 91
0.20754 92
0.111008 93
0.0546432 94
0.0234688 95
0.00613617 96
3.65313e-07 97
0.0234571 98
0.0397638 99
0.0110504 100
0.00627369 101
0.000292044 102
0.01764 103
0.038945 104
0.0141549 105
0.0130925 106
0.010675 107
0.0049246 108
0.00103636 109
0.00077693 110
0.00130057 111
0.0386968 112
0.0574226 113
0.0151649 114
3.2492e-07 115
0.00468673 116
0.00990051 117
0.0151752 118
0.00882435 119
0.00781978 120
0.000810475 121
0.00310297 122
0.0376801 123
0.0683289 124
0.0843341 125
0.0253116 126
0.000834605 127
0.0325462 128
0.073314 129
0.0674219 130
0.0112915 131
0.066572 132
0.469987 133
0.157187 134
0.0249887 135
0.000855493 136
0.000178019 137
0.025133 138
0.104875 139
0.225198 140
0.0927647 141
0.00128774 142
0.032399 143
0.10698 144
0.0366014 145
0.00161638 146
0.0200567 147
0.00608031 148
0.00332291 149
0.0275935 150
0.160235 151
0.183475 152
0.0769985 153
1.02789e-05 154
0.0816337 155
0.213847 156
3.57864e-07 157
0.0567598 158
0.0255795 159
0.00849781 160
0.000609536 161
0.0712565 162
0.152837 163
0.0832252 164
0.0054252 165
0.105075 166
0.329437 167
0.0299857 168
0.0100584 169
0.00179216 170
0.00140532 171
0.0636625 172
0.167493 173
0.155312 174
0.0886662 175
0.0206088 176
0.0119967 177
0.0554446 178
0.0148634 179
0.000166282 180
0.00151281 181
0.0160186 182
0.0607083 183
0.0280942 184
0.0147857 185
0.00754127 186
0.00318577 187
0.0320979 188
0.176675 189
0.0637161 190
0.019372 191
0.0361404 192
0.0384805 193
0.0242188 194
0.00281702 195
0.0219904 196
0.012384 197
0.0142074 198
0.00527747 199
0.00911491 200
0.0420951 201
0.0837368 202
0.00036339 203
0.000644776 204
0.00692282 205
0.00514018 206
0.0364454 207
0.0302013 208
0.0112452 209
0.00941346 210
0.000164516 211
0.0806355 212
0.0740645 213
0.215729 214
0.0407371 215
0.0993243 216
0.0487486 217
0.0175508 218
0.0294249 219
0.0355662 220
0.00127446 221
0.035111 222
0.0594193 223
0.00426613 224
0.000104141 225
0.0198896 226
0.0839553 227
0.0311041 228
0.0190709 229
0.0199688 230
0.00532129 231
0.0251139 232
0.194008 233
0.140226 234
0.0243391 235
0.0584644 236
0.0118917 237
0.00395941 238
0.0184924 239
0.0810677 240
0.091955 241
0.000107977 242
0.181342 243
0.0529345 244
0.0473926 245
0.00139002 246
0.00599668 247
0.002733 248
0.00975187 249
0.0636071 250
0.165847 251
0.00410195 252
0.361786 253
0.0451219 254
0.00331474 255
0.153775 256
0.0184911 257
0.101484 258
0.0164676 259
0.0203214 260
0.0595311 261
0.121093 262
0.00202502 263
0.079593 264
0.0188937 265
0.0577193 266
0.00233544 267
0.02481 268
0.0194506 269
0.00206249 270
0.00471168 271
0.0809167 272
0.0618032 273
0.00245435 274
0.204765 275
0.154699 276
0.000936574 277
0.0178011 278
0.0669922 279
0.033234 280
0.0105684 281
0.000696324 282
0.00718087 283
0.0300011 284
0.0905157 285
0.0754324 286
0.0041316 287
0.0324241 288
0.0790706 289
0.0210162 290
0.0144828 291
0.017037 292
0.00554626 293
0.028917 294
0.0406013 295
0.00454522 296
0.00192467 297
0.00806342 298
0.144347 299
0.0359097 300
0.0502871 301
0.000680421 302
0.0134306 303
0.00322803 304
0.0182142 305
0.0386674 306
0.00119513 307
0.287189 308
0.0529321 309
0.0342567 310
0.0490276 311
0.157339 312
