-0.788817
-0.803474
-0.794555
-0.772256
-0.755268
-0.747913
-0.747033
-0.749619
-0.753863
-0.758781
-0.763855
-0.768811
-0.773511
-0.777887
-0.781912
-0.785582
-0.788904
-0.791895
-0.794575
-0.796965
-0.799086
-0.80096
-0.802608
-0.804049
-0.805301
-0.806383
-0.80731
-0.808097
-0.808759
-0.809308
-0.809759
-0.810121
-0.810406
-0.810624
-0.810784
-0.810892
-0.810958
-0.810986
-0.810983
-0.810953
-0.810899
-0.810826
-0.810736
-0.810632
-0.810517
-0.81039
-0.810256
-0.810114
-0.809966
-0.809814
-0.809657
-0.809497
-0.809335
-0.809169
-0.809002
-0.808832
-0.808661
-0.808487
-0.80831
-0.808131
-0.807948
-0.807761
-0.80757
-0.807374
-0.807172
-0.806964
-0.80675
-0.806529
-0.8063
-0.806064
-0.80582
-0.805569
-0.805312
-0.805048
-0.804781
-0.80451
-0.804238
-0.803967
-0.8037
-0.803438
-0.803186
-0.802945
-0.802717
-0.802505
-0.802309
-0.802132
-0.801973
-0.801832
-0.801709
-0.801604
-0.801515
-0.801442
-0.801384
-0.801338
-0.801305
-0.801283
-0.801271
-0.801267
-0.801272
-0.801285
