-0.938376 -0.864108 -0.801722 -0.715571
-0.864108 -0.801722 -0.715571 -0.554409
-0.801722 -0.715571 -0.554409 -0.281845
-0.715571 -0.554409 -0.281845 -0.641303
-0.554409 -0.281845 -0.641303 -0.752705
-0.281845 -0.641303 -0.752705 -0.87599
-0.641303 -0.752705 -0.87599 -0.901242
-0.752705 -0.87599 -0.901242 -0.962884
-0.87599 -0.901242 -0.962884 -1.00002
-0.901242 -0.962884 -1.00002 -1.00002
-0.962884 -1.00002 -1.00002 -0.97551
-1.00002 -1.00002 -0.97551 -0.864108
-1.00002 -0.97551 -0.864108 -0.665812
-0.97551 -0.864108 -0.665812 -0.418499
-0.864108 -0.665812 -0.418499 -0.220203
-0.665812 -0.418499 -0.220203 -0.257337
-0.418499 -0.220203 -0.257337 -0.517275
-0.220203 -0.257337 -0.517275 -0.653186
-0.257337 -0.517275 -0.653186 -0.678437
-0.517275 -0.653186 -0.678437 -0.727454
-0.653186 -0.678437 -0.727454 -0.864108
-0.678437 -0.727454 -0.864108 -0.74008
-0.727454 -0.864108 -0.74008 -0.50465
-0.864108 -0.74008 -0.50465 -0.0345326
-0.74008 -0.50465 -0.0345326 0.509853
-0.50465 -0.0345326 0.509853 0.275166
-0.0345326 0.509853 0.275166 -0.0961751
0.509853 0.275166 -0.0961751 -0.418499
0.275166 -0.0961751 -0.418499 -0.567035
-0.0961751 -0.418499 -0.567035 -0.864108
-0.418499 -0.567035 -0.864108 -0.938376
-0.567035 -0.864108 -0.938376 -0.801722
-0.864108 -0.938376 -0.801722 -0.578918
-0.938376 -0.801722 -0.578918 -0.133309
-0.801722 -0.578918 -0.133309 0.00260149
-0.578918 -0.133309 0.00260149 0.373942
-0.133309 0.00260149 0.373942 0.249914
0.00260149 0.373942 0.249914 -0.0961751
0.373942 0.249914 -0.0961751 -0.50465
0.249914 -0.0961751 -0.50465 -0.752705
-0.0961751 -0.50465 -0.752705 -0.801722
-0.50465 -0.752705 -0.801722 -0.938376
-0.752705 -0.801722 -0.938376 -0.864108
-0.801722 -0.938376 -0.864108 -0.727454
-0.938376 -0.864108 -0.727454 -0.50465
-0.864108 -0.727454 -0.50465 -0.257337
-0.727454 -0.50465 -0.257337 0.00111612
-0.50465 -0.257337 0.00111612 0.0323087
-0.257337 0.00111612 0.0323087 -0.409587
0.00111612 0.0323087 -0.409587 -0.408101
0.0323087 -0.409587 -0.408101 -0.619765
-0.409587 -0.408101 -0.619765 -0.849254
-0.408101 -0.619765 -0.849254 -0.881189
-0.619765 -0.849254 -0.881189 -0.873762
-0.849254 -0.881189 -0.873762 -0.59897
-0.881189 -0.873762 -0.59897 -0.411072
-0.873762 -0.59897 -0.411072 -0.331605
-0.59897 -0.411072 -0.331605 -0.221688
-0.411072 -0.331605 -0.221688 0.0635014
-0.331605 -0.221688 0.0635014 -0.242483
-0.221688 0.0635014 -0.242483 -0.441522
0.0635014 -0.242483 -0.441522 -0.549211
-0.242483 -0.441522 -0.549211 -0.741565
-0.441522 -0.549211 -0.741565 -0.858909
-0.549211 -0.741565 -0.858909 -0.532129
-0.741565 -0.858909 -0.532129 -0.13628
-0.858909 -0.532129 -0.13628 0.313042
-0.532129 -0.13628 0.313042 0.247686
-0.13628 0.313042 0.247686 0.0100283
0.313042 0.247686 0.0100283 -0.177127
0.247686 0.0100283 -0.177127 -0.569263
0.0100283 -0.177127 -0.569263 -0.621251
-0.177127 -0.569263 -0.621251 -0.913125
-0.569263 -0.621251 -0.913125 -0.754933
-0.621251 -0.913125 -0.754933 0.145196
-0.913125 -0.754933 0.145196 0.910901
-0.754933 0.145196 0.910901 0.558127
0.145196 0.910901 0.558127 0.0493904
0.910901 0.558127 0.0493904 -0.157075
0.558127 0.0493904 -0.157075 -0.523217
0.0493904 -0.157075 -0.523217 -0.717799
-0.157075 -0.523217 -0.717799 -0.873762
-0.523217 -0.717799 -0.873762 -0.70146
-0.717799 -0.873762 -0.70146 0.0263673
-0.873762 -0.70146 0.0263673 0.633881
-0.70146 0.0263673 0.633881 0.620512
0.0263673 0.633881 0.620512 0.461579
0.633881 0.620512 0.461579 0.112518
0.620512 0.461579 0.112518 -0.175642
0.461579 0.112518 -0.175642 -0.257337
0.112518 -0.175642 -0.257337 -0.419241
-0.175642 -0.257337 -0.419241 -0.492767
-0.257337 -0.419241 -0.492767 -0.736366
-0.419241 -0.492767 -0.736366 -0.801722
-0.492767 -0.736366 -0.801722 -0.920551
-0.736366 -0.801722 -0.920551 -0.949516
-0.801722 -0.920551 -0.949516 -0.916095
-0.920551 -0.949516 -0.916095 -0.820289
-0.949516 -0.916095 -0.820289 -0.578918
-0.916095 -0.820289 -0.578918 -0.443007
-0.820289 -0.578918 -0.443007 -0.466773
-0.578918 -0.443007 -0.466773 -0.411815
-0.443007 -0.466773 -0.411815 -0.477913
-0.466773 -0.411815 -0.477913 -0.652443
-0.411815 -0.477913 -0.652443 -0.875248
-0.477913 -0.652443 -0.875248 -0.899756
-0.652443 -0.875248 -0.899756 -0.968826
-0.875248 -0.899756 -0.968826 -1.00002
-0.899756 -0.968826 -1.00002 -0.982937
-0.968826 -1.00002 -0.982937 -0.938376
-1.00002 -0.982937 -0.938376 -0.849254
-0.982937 -0.938376 -0.849254 -0.827716
-0.938376 -0.849254 -0.827716 -0.561836
-0.849254 -0.827716 -0.561836 -0.433352
-0.827716 -0.561836 -0.433352 -0.492767
-0.561836 -0.433352 -0.492767 -0.60714
-0.433352 -0.492767 -0.60714 -0.714086
-0.492767 -0.60714 -0.714086 -0.820289
-0.60714 -0.714086 -0.820289 -0.931692
-0.714086 -0.820289 -0.931692 -0.953229
-0.820289 -0.931692 -0.953229 -0.983679
-0.931692 -0.953229 -0.983679 -0.915353
-0.953229 -0.983679 -0.915353 -0.790582
-0.983679 -0.915353 -0.790582 -0.555152
-0.915353 -0.790582 -0.555152 -0.383593
-0.790582 -0.555152 -0.383593 -0.194209
-0.555152 -0.383593 -0.194209 -0.144449
-0.383593 -0.194209 -0.144449 -0.12811
-0.194209 -0.144449 -0.12811 -0.399932
-0.144449 -0.12811 -0.399932 -0.67101
-0.12811 -0.399932 -0.67101 -0.900499
-0.399932 -0.67101 -0.900499 -0.855195
-0.67101 -0.900499 -0.855195 -0.362798
-0.900499 -0.855195 -0.362798 0.431129
-0.855195 -0.362798 0.431129 0.688096
-0.362798 0.431129 0.688096 0.252885
0.431129 0.688096 0.252885 0.062016
0.688096 0.252885 0.062016 -0.216489
0.252885 0.062016 -0.216489 -0.529901
0.062016 -0.216489 -0.529901 -0.700718
-0.216489 -0.529901 -0.700718 -0.865593
-0.529901 -0.700718 -0.865593 -0.813605
-0.700718 -0.865593 -0.813605 -0.511334
-0.865593 -0.813605 -0.511334 -0.237285
-0.813605 -0.511334 -0.237285 0.235061
-0.511334 -0.237285 0.235061 0.546987
-0.237285 0.235061 0.546987 0.355375
0.235061 0.546987 0.355375 -0.0620118
0.546987 0.355375 -0.0620118 -0.0939471
0.355375 -0.0620118 -0.0939471 -0.237285
-0.0620118 -0.0939471 -0.237285 -0.449691
-0.0939471 -0.237285 -0.449691 -0.710373
-0.237285 -0.449691 -0.710373 -0.905698
-0.449691 -0.710373 -0.905698 -0.939118
-0.710373 -0.905698 -0.939118 -0.677695
-0.905698 -0.939118 -0.677695 -0.224659
-0.939118 -0.677695 -0.224659 0.324182
-0.677695 -0.224659 0.324182 0.353147
-0.224659 0.324182 0.353147 0.0887525
0.324182 0.353147 0.0887525 -0.167473
0.353147 0.0887525 -0.167473 -0.379879
0.0887525 -0.167473 -0.379879 -0.337547
-0.167473 -0.379879 -0.337547 -0.570748
-0.379879 -0.337547 -0.570748 -0.772015
-0.337547 -0.570748 -0.772015 -0.896786
-0.570748 -0.772015 -0.896786 -0.533614
-0.772015 -0.896786 -0.533614 -0.0820642
-0.896786 -0.533614 -0.0820642 0.723002
-0.533614 -0.0820642 0.723002 0.37617
-0.0820642 0.723002 0.37617 0.256598
0.723002 0.37617 0.256598 -0.182326
0.37617 0.256598 -0.182326 -0.446721
0.256598 -0.182326 -0.446721 -0.789839
-0.182326 -0.446721 -0.789839 -0.859652
-0.446721 -0.789839 -0.859652 -0.846283
-0.789839 -0.859652 -0.846283 -0.957685
-0.859652 -0.846283 -0.957685 -0.92575
-0.846283 -0.957685 -0.92575 -0.601198
-0.957685 -0.92575 -0.601198 -0.327892
-0.92575 -0.601198 -0.327892 -0.264764
-0.601198 -0.327892 -0.264764 -0.212033
-0.327892 -0.264764 -0.212033 -0.214261
-0.264764 -0.212033 -0.214261 -0.359084
-0.212033 -0.214261 -0.359084 -0.685121
-0.214261 -0.359084 -0.685121 -0.838114
-0.359084 -0.685121 -0.838114 -0.916838
-0.685121 -0.838114 -0.916838 -0.922779
-0.838114 -0.916838 -0.922779 -0.912382
-0.916838 -0.922779 -0.912382 -0.558123
-0.922779 -0.912382 -0.558123 -0.0961751
-0.912382 -0.558123 -0.0961751 0.0545892
-0.558123 -0.0961751 0.0545892 -0.0345326
-0.0961751 0.0545892 -0.0345326 -0.20832
0.0545892 -0.0345326 -0.20832 -0.484597
-0.0345326 -0.20832 -0.484597 -0.674724
-0.20832 -0.484597 -0.674724 -0.670268
-0.484597 -0.674724 -0.670268 -0.849997
-0.674724 -0.670268 -0.849997 -0.883417
-0.670268 -0.849997 -0.883417 -0.965855
-0.849997 -0.883417 -0.965855 -0.93689
-0.883417 -0.965855 -0.93689 -0.697004
-0.965855 -0.93689 -0.697004 -0.479399
-0.93689 -0.697004 -0.479399 -0.216489
-0.697004 -0.479399 -0.216489 -0.330862
-0.479399 -0.216489 -0.330862 -0.236542
-0.216489 -0.330862 -0.236542 -0.399189
-0.330862 -0.236542 -0.399189 -0.456376
-0.236542 -0.399189 -0.456376 -0.77053
-0.399189 -0.456376 -0.77053 -0.929464
-0.456376 -0.77053 -0.929464 -0.955457
-0.77053 -0.929464 -0.955457 -0.982194
-0.929464 -0.955457 -0.982194 -0.880447
-0.955457 -0.982194 -0.880447 -0.4133
-0.982194 -0.880447 -0.4133 -0.294471
-0.880447 -0.4133 -0.294471 0.289276
-0.4133 -0.294471 0.289276 -0.000369239
-0.294471 0.289276 -0.000369239 -0.215004
0.289276 -0.000369239 -0.215004 -0.534357
-0.000369239 -0.215004 -0.534357 -0.676952
-0.215004 -0.534357 -0.676952 -0.824003
-0.534357 -0.676952 -0.824003 -0.927978
-0.676952 -0.824003 -0.927978 -0.79281
-0.824003 -0.927978 -0.79281 -0.450434
-0.927978 -0.79281 -0.450434 -0.209063
-0.79281 -0.450434 -0.209063 -0.148163
-0.450434 -0.209063 -0.148163 -0.0367606
-0.209063 -0.148163 -0.0367606 -0.196437
-0.148163 -0.0367606 -0.196437 -0.558866
-0.0367606 -0.196437 -0.558866 -0.739337
-0.196437 -0.558866 -0.739337 -0.86188
-0.558866 -0.739337 -0.86188 -0.931692
-0.739337 -0.86188 -0.931692 -0.891587
-0.86188 -0.931692 -0.891587 -0.552924
-0.931692 -0.891587 -0.552924 -0.0137375
-0.891587 -0.552924 -0.0137375 0.415532
-0.552924 -0.0137375 0.415532 0.356118
-0.0137375 0.415532 0.356118 0.0991501
0.415532 0.356118 0.0991501 -0.160788
0.356118 0.0991501 -0.160788 -0.411815
0.0991501 -0.160788 -0.411815 -0.622736
-0.160788 -0.411815 -0.622736 -0.798752
-0.411815 -0.622736 -0.798752 -0.880447
-0.622736 -0.798752 -0.880447 -0.589316
-0.798752 -0.880447 -0.589316 0.145939
-0.880447 -0.589316 0.145939 0.594518
-0.589316 0.145939 0.594518 0.433357
0.145939 0.594518 0.433357 0.416275
0.594518 0.433357 0.416275 -0.11697
0.433357 0.416275 -0.11697 -0.269963
0.416275 -0.11697 -0.269963 -0.665812
-0.11697 -0.269963 -0.665812 -0.850739
-0.269963 -0.665812 -0.850739 -0.951001
-0.665812 -0.850739 -0.951001 -0.597485
-0.850739 -0.951001 -0.597485 0.490543
-0.951001 -0.597485 0.490543 1.00002
-0.597485 0.490543 1.00002 0.943579
0.490543 1.00002 0.943579 0.671757
1.00002 0.943579 0.671757 0.180845
0.943579 0.671757 0.180845 -0.43261
0.671757 0.180845 -0.43261 -0.603426
0.180845 -0.43261 -0.603426 -0.703688
-0.43261 -0.603426 -0.703688 -0.888616
-0.603426 -0.703688 -0.888616 -0.836628
-0.703688 -0.888616 -0.836628 -0.503907
-0.888616 -0.836628 -0.503907 -0.0129948
-0.836628 -0.503907 -0.0129948 0.114004
-0.503907 -0.0129948 0.114004 0.109548
-0.0129948 0.114004 0.109548 0.0991501
0.114004 0.109548 0.0991501 -0.298927
0.109548 0.0991501 -0.298927 -0.275161
0.0991501 -0.298927 -0.275161 -0.598228
-0.298927 -0.275161 -0.598228 -0.634619
-0.275161 -0.598228 -0.634619 -0.832915
-0.598228 -0.634619 -0.832915 -0.863365
-0.634619 -0.832915 -0.863365 -0.708145
-0.832915 -0.863365 -0.708145 -0.0271058
-0.863365 -0.708145 -0.0271058 0.634623
-0.708145 -0.0271058 0.634623 0.625711
-0.0271058 0.634623 0.625711 0.477175
0.634623 0.625711 0.477175 0.206096
0.625711 0.477175 0.206096 -0.324178
0.477175 0.206096 -0.324178 -0.550696
0.206096 -0.324178 -0.550696 -0.847026
-0.324178 -0.550696 -0.847026 -0.890101
-0.550696 -0.847026 -0.890101 -0.748249
-0.847026 -0.890101 -0.748249 -0.0865203
-0.890101 -0.748249 -0.0865203 0.567782
-0.748249 -0.0865203 0.567782 0.424444
-0.0865203 0.567782 0.424444 0.509853
0.567782 0.424444 0.509853 -0.0122521
0.424444 0.509853 -0.0122521 -0.434838
0.509853 -0.0122521 -0.434838 -0.666554
-0.0122521 -0.434838 -0.666554 -0.813605
-0.434838 -0.666554 -0.813605 -0.913867
-0.666554 -0.813605 -0.913867 -0.785383
-0.813605 -0.913867 -0.785383 -0.344231
-0.913867 -0.785383 -0.344231 0.0122563
-0.785383 -0.344231 0.0122563 0.291505
-0.344231 0.0122563 0.291505 0.265511
0.0122563 0.291505 0.265511 0.215008
0.291505 0.265511 0.215008 -0.262536
0.265511 0.215008 -0.262536 -0.515047
0.215008 -0.262536 -0.515047 -0.65987
-0.262536 -0.515047 -0.65987 -0.816576
-0.515047 -0.65987 -0.816576 -0.90644
-0.65987 -0.816576 -0.90644 -0.968826
-0.816576 -0.90644 -0.968826 -0.96437
-0.90644 -0.968826 -0.96437 -0.815091
-0.968826 -0.96437 -0.815091 -0.399932
-0.96437 -0.815091 -0.399932 -0.372453
-0.815091 -0.399932 -0.372453 -0.301898
-0.399932 -0.372453 -0.301898 -0.15856
