1 0.0852278
2 0.0403887
3 0.027282
4 0.0218278
5 0.0198373
6 0.0189123
7 0.0183569
8 0.0179888
9 0.0177395
10 0.0175719
11 0.0174622
12 0.0173936
13 0.0173543
14 0.0173356
15 0.017331
16 0.0173359
17 0.0173469
18 0.0173613
19 0.0173772
20 0.0173935
21 0.017409
22 0.0174233
23 0.0174359
24 0.0174466
25 0.0174553
26 0.0174622
27 0.0174673
28 0.0174708
29 0.0174728
30 0.0174736
31 0.0174733
32 0.0174721
33 0.0174702
34 0.0174678
35 0.0174649
36 0.0174618
37 0.0174585
38 0.0174551
39 0.0174517
40 0.0174483
41 0.017445
42 0.0174417
43 0.0174386
44 0.0174355
45 0.0174326
46 0.0174297
47 0.0174269
48 0.0174241
49 0.0174213
50 0.0174185
51 0.0174155
52 0.0174123
53 0.0174089
54 0.0174051
55 0.0174009
56 0.0173961
57 0.0173907
58 0.0173846
59 0.0173777
60 0.0173702
61 0.0173619
62 0.0173529
63 0.0173433
64 0.0173333
65 0.0173228
66 0.017312
67 0.0173011
68 0.01729
69 0.017279
70 0.0172681
71 0.0172574
72 0.0172468
73 0.0172366
74 0.0172267
75 0.017217
76 0.0172077
77 0.0171988
78 0.0171902
79 0.017182
80 0.0171741
81 0.0171665
82 0.0171592
83 0.0171523
84 0.0171457
85 0.0171393
86 0.0171332
87 0.0171274
88 0.0171219
89 0.0171165
90 0.0171114
91 0.0171065
92 0.0171019
93 0.0170974
94 0.0170931
95 0.0170889
96 0.017085
97 0.0170811
98 0.0170775
99 0.017074
100 0.0170706
