1 -0.276898
2 -0.585864
3 -0.470567
4 -0.126279
5 -0.813576
6 -0.889602
7 -0.883188
8 -0.864882
9 -0.867254
10 -0.874967
11 -0.870513
12 -0.861262
13 -0.814221
14 -0.684953
15 -0.44586
16 -0.249777
17 -0.457956
18 -0.778212
19 -0.819707
20 -0.760789
21 -0.736439
22 -0.8092
23 -0.686905
24 -0.340011
25 0.272995
26 0.666305
27 0.278388
28 -0.458585
29 -0.526624
30 -0.638052
31 -0.799461
32 -0.754261
33 -0.459804
34 -0.184687
35 0.20644
36 0.032932
37 0.438669
38 0.354236
39 -0.378638
40 -0.643804
41 -0.780192
42 -0.706515
43 -0.703175
44 -0.588017
45 -0.442611
46 -0.28391
47 -0.126084
48 0.0854418
49 -0.0252409
50 -0.730244
51 -0.644579
52 -0.721469
53 -0.858508
54 -0.813374
55 -0.735095
56 -0.402575
57 -0.260632
58 -0.411825
59 -0.34179
60 0.169319
61 -0.454971
62 -0.7121
63 -0.653548
64 -0.763456
65 -0.779689
66 -0.315154
67 0.228413
68 0.458345
69 0.216209
70 -0.230494
71 -0.247147
72 -0.664101
73 -0.680943
74 -0.778161
75 -0.537847
76 0.614941
77 0.802834
78 0.334581
79 -0.602868
80 -0.404777
81 -0.526486
82 -0.644532
83 -0.568449
84 -0.13077
85 0.608136
86 0.72433
87 0.517036
88 0.00128582
89 -0.348877
90 -0.383184
91 -0.254269
92 -0.440515
93 -0.488262
94 -0.660159
95 -0.630305
96 -0.657556
97 -0.667622
98 -0.659884
99 -0.627312
100 -0.431086
101 -0.418073
102 -0.618097
103 -0.587181
104 -0.629815
105 -0.769723
106 -0.851844
107 -0.803699
108 -0.78483
109 -0.79513
110 -0.79248
111 -0.783586
112 -0.754969
113 -0.78538
114 -0.583757
115 -0.47884
116 -0.673722
117 -0.786339
118 -0.815606
119 -0.830211
120 -0.84732
121 -0.824359
122 -0.820605
123 -0.778801
124 -0.699592
125 -0.494922
126 -0.381588
127 -0.233852
128 -0.254074
129 -0.277701
130 -0.654218
131 -0.829149
132 -0.868258
133 -0.745248
134 0.0813723
135 0.679015
136 0.72113
137 -0.122336
138 -0.274743
139 -0.315505
140 -0.685377
141 -0.741006
142 -0.724024
143 -0.492789
144 0.0566659
145 0.0983705
146 0.406739
147 0.677798
148 0.35819
149 -0.381484
150 -0.135362
151 -0.23277
152 -0.626466
153 -0.774486
154 -0.804984
155 -0.702712
156 -0.220521
157 0.27253
158 0.51654
159 0.373186
160 -0.14335
161 -0.275616
162 -0.465003
163 -0.415599
164 -0.686886
165 -0.807318
166 -0.800279
167 -0.26646
168 0.296933
169 0.727426
170 0.336699
171 -0.1501
172 -0.425167
173 -0.612361
174 -0.766445
175 -0.67344
176 -0.415592
177 -0.668124
178 -0.720705
179 -0.315221
180 -0.0775653
181 -0.383244
182 -0.439883
183 -0.403512
184 -0.605239
185 -0.842232
186 -0.863142
187 -0.822446
1 -0.722702
2 -0.305436
3 0.151671
4 0.0576206
5 -0.298462
6 -0.475422
7 -0.72773
8 -0.835487
9 -0.776738
10 -0.829458
11 -0.809042
12 -0.80716
13 -0.742032
14 -0.46228
15 -0.258218
16 -0.12109
17 -0.512283
18 -0.477969
19 -0.635564
20 -0.710445
21 -0.865048
22 -0.889318
23 -0.831672
24 -0.772445
25 -0.649289
26 -0.081226
27 -0.13814
28 0.311169
29 -0.13336
30 -0.62141
31 -0.698569
32 -0.830308
33 -0.851692
34 -0.844589
35 -0.679082
36 -0.219776
37 -0.069306
38 -0.261918
39 -0.183279
40 -0.435967
41 -0.81856
42 -0.862319
43 -0.858826
44 -0.827374
45 -0.737829
46 -0.313509
47 0.223214
48 0.426567
49 0.356691
50 -0.00103661
51 -0.233233
52 -0.554838
53 -0.797599
54 -0.862667
55 -0.84336
56 -0.491229
57 0.356953
58 0.555031
59 0.416094
60 0.519235
61 -0.186187
62 -0.391344
63 -0.747941
64 -0.892279
65 -0.866432
66 -0.441579
67 0.540501
68 0.737047
69 0.839283
70 0.493136
71 -0.113937
72 -0.456658
73 -0.625643
74 -0.791533
75 -0.858943
76 -0.772397
77 -0.325901
78 0.191389
79 0.0994145
80 -0.0530064
81 0.150293
82 -0.527477
83 -0.484399
84 -0.767759
85 -0.808408
86 -0.848173
87 -0.815584
88 -0.615796
89 0.228671
90 0.583251
91 0.627695
92 0.528317
93 0.17889
94 -0.409083
95 -0.659276
96 -0.870832
97 -0.858822
98 -0.656689
99 0.191513
100 0.546425
101 0.376229
102 0.617394
103 -0.0581704
104 -0.589191
105 -0.729008
106 -0.859195
107 -0.847462
108 -0.681446
109 -0.0889168
110 0.163001
111 0.278191
112 0.312943
113 0.308375
114 -0.423133
115 -0.711041
116 -0.784903
117 -0.852358
118 -0.840163
119 -0.814409
120 -0.758656
121 -0.585789
122 -0.0938233
123 -0.290613
124 -0.458199
125 -0.276334
